  Hugoniot 
  Temperature,    Density,        Pressure,       Int. Energy,    Sp. Entropy,    Part. Vel.,     Shock Vel. 
  K,              g/cm3,          GPa,            MJ/kg,          MJ/K/kg,        km/s,           km/s
  2.980000e+02,   2.650000e+00,   1.439147e-04,   1.397385e-01,   7.165786e-04,   0.000000e+00,   3.674659e+00
  2.980853e+02,   2.651250e+00,   1.703598e-02,   1.397400e-01,   7.165784e-04,   1.733597e-03,   3.676959e+00
  2.983410e+02,   2.655000e+00,   6.787035e-02,   1.397627e-01,   7.165782e-04,   6.937594e-03,   3.683863e+00
  2.985964e+02,   2.658750e+00,   1.189424e-01,   1.398124e-01,   7.165791e-04,   1.214640e-02,   3.690771e+00
  2.988504e+02,   2.662500e+00,   1.702524e-01,   1.398894e-01,   7.165719e-04,   1.736002e-02,   3.697685e+00
  2.991038e+02,   2.666250e+00,   2.218011e-01,   1.399937e-01,   7.165623e-04,   2.257846e-02,   3.704604e+00
  2.993572e+02,   2.670000e+00,   2.736035e-01,   1.401254e-01,   7.165548e-04,   2.780244e-02,   3.711626e+00
  2.996109e+02,   2.673750e+00,   3.256787e-01,   1.402846e-01,   7.165500e-04,   3.303293e-02,   3.718813e+00
  2.998650e+02,   2.677500e+00,   3.780289e-01,   1.404713e-01,   7.165482e-04,   3.827000e-02,   3.726107e+00
  3.001195e+02,   2.681250e+00,   4.306563e-01,   1.406858e-01,   7.165497e-04,   4.351372e-02,   3.733477e+00
  3.003747e+02,   2.685000e+00,   4.835628e-01,   1.409282e-01,   7.165550e-04,   4.876416e-02,   3.740908e+00
  3.006306e+02,   2.688750e+00,   5.367506e-01,   1.411984e-01,   7.165644e-04,   5.402139e-02,   3.748387e+00
  3.008873e+02,   2.692500e+00,   5.902218e-01,   1.414967e-01,   7.165783e-04,   5.928548e-02,   3.755909e+00
  3.011451e+02,   2.696250e+00,   6.439784e-01,   1.418232e-01,   7.165971e-04,   6.455650e-02,   3.763469e+00
  3.014040e+02,   2.700000e+00,   6.980224e-01,   1.421779e-01,   7.166212e-04,   6.983451e-02,   3.771064e+00
  3.016641e+02,   2.703750e+00,   7.523560e-01,   1.425610e-01,   7.166509e-04,   7.511959e-02,   3.778690e+00
  3.019256e+02,   2.707500e+00,   8.069812e-01,   1.429727e-01,   7.166867e-04,   8.041179e-02,   3.786347e+00
  3.021887e+02,   2.711250e+00,   8.619000e-01,   1.434129e-01,   7.167289e-04,   8.571119e-02,   3.794032e+00
  3.024534e+02,   2.715000e+00,   9.171145e-01,   1.438819e-01,   7.167779e-04,   9.101784e-02,   3.801745e+00
  3.027199e+02,   2.718750e+00,   9.726267e-01,   1.443798e-01,   7.168341e-04,   9.633182e-02,   3.809485e+00
  3.029883e+02,   2.722500e+00,   1.028439e+00,   1.449066e-01,   7.168980e-04,   1.016532e-01,   3.817252e+00
  3.032588e+02,   2.726250e+00,   1.084552e+00,   1.454626e-01,   7.169699e-04,   1.069820e-01,   3.825044e+00
  3.035315e+02,   2.730000e+00,   1.140970e+00,   1.460478e-01,   7.170503e-04,   1.123183e-01,   3.832861e+00
  3.038065e+02,   2.733750e+00,   1.197693e+00,   1.466623e-01,   7.171395e-04,   1.176621e-01,   3.840703e+00
  3.040840e+02,   2.737500e+00,   1.254724e+00,   1.473064e-01,   7.172380e-04,   1.230136e-01,   3.848569e+00
  3.043641e+02,   2.741250e+00,   1.312065e+00,   1.479801e-01,   7.173461e-04,   1.283728e-01,   3.856460e+00
  3.046470e+02,   2.745000e+00,   1.369718e+00,   1.486835e-01,   7.174644e-04,   1.337397e-01,   3.864374e+00
  3.049328e+02,   2.748750e+00,   1.427684e+00,   1.494169e-01,   7.175931e-04,   1.391144e-01,   3.872311e+00
  3.052216e+02,   2.752500e+00,   1.485966e+00,   1.501802e-01,   7.177328e-04,   1.444970e-01,   3.880272e+00
  3.055136e+02,   2.756250e+00,   1.544566e+00,   1.509737e-01,   7.178838e-04,   1.498874e-01,   3.888256e+00
  3.058090e+02,   2.760000e+00,   1.603486e+00,   1.517975e-01,   7.180466e-04,   1.552859e-01,   3.896263e+00
  3.061079e+02,   2.763750e+00,   1.662727e+00,   1.526517e-01,   7.182216e-04,   1.606923e-01,   3.904293e+00
  3.064104e+02,   2.767500e+00,   1.722292e+00,   1.535365e-01,   7.184092e-04,   1.661068e-01,   3.912345e+00
  3.067167e+02,   2.771250e+00,   1.782182e+00,   1.544520e-01,   7.186099e-04,   1.715294e-01,   3.920420e+00
  3.070269e+02,   2.775000e+00,   1.842400e+00,   1.553984e-01,   7.188242e-04,   1.769602e-01,   3.928517e+00
  3.073412e+02,   2.778750e+00,   1.902948e+00,   1.563757e-01,   7.190523e-04,   1.823992e-01,   3.936636e+00
  3.076597e+02,   2.782500e+00,   1.963827e+00,   1.573842e-01,   7.192949e-04,   1.878465e-01,   3.944777e+00
  3.079826e+02,   2.786250e+00,   2.025039e+00,   1.584240e-01,   7.195523e-04,   1.933021e-01,   3.952939e+00
  3.083101e+02,   2.790000e+00,   2.086587e+00,   1.594952e-01,   7.198249e-04,   1.987661e-01,   3.961124e+00
  3.086418e+02,   2.793750e+00,   2.148472e+00,   1.605980e-01,   7.201101e-04,   2.042385e-01,   3.969330e+00
  3.089742e+02,   2.797500e+00,   2.210696e+00,   1.617324e-01,   7.203820e-04,   2.097193e-01,   3.977558e+00
  3.093116e+02,   2.801250e+00,   2.273261e+00,   1.628988e-01,   7.206701e-04,   2.152087e-01,   3.985807e+00
  3.096540e+02,   2.805000e+00,   2.336169e+00,   1.640972e-01,   7.209748e-04,   2.207066e-01,   3.994077e+00
  3.100016e+02,   2.808750e+00,   2.399422e+00,   1.653277e-01,   7.212965e-04,   2.262131e-01,   4.002368e+00
  3.103546e+02,   2.812500e+00,   2.463022e+00,   1.665906e-01,   7.216357e-04,   2.317282e-01,   4.010681e+00
  3.107132e+02,   2.816250e+00,   2.526970e+00,   1.678860e-01,   7.219929e-04,   2.372521e-01,   4.019014e+00
  3.110775e+02,   2.820000e+00,   2.591270e+00,   1.692140e-01,   7.223684e-04,   2.427846e-01,   4.027369e+00
  3.114477e+02,   2.823750e+00,   2.655921e+00,   1.705747e-01,   7.227627e-04,   2.483260e-01,   4.035744e+00
  3.118238e+02,   2.827500e+00,   2.720927e+00,   1.719685e-01,   7.231763e-04,   2.538761e-01,   4.044140e+00
  3.122062e+02,   2.831250e+00,   2.786289e+00,   1.733953e-01,   7.236096e-04,   2.594352e-01,   4.052556e+00
  3.125949e+02,   2.835000e+00,   2.852010e+00,   1.748554e-01,   7.240631e-04,   2.650031e-01,   4.060993e+00
  3.129901e+02,   2.838750e+00,   2.918090e+00,   1.763489e-01,   7.245373e-04,   2.705799e-01,   4.069451e+00
  3.133920e+02,   2.842500e+00,   2.984532e+00,   1.778759e-01,   7.250325e-04,   2.761658e-01,   4.077928e+00
  3.138007e+02,   2.846250e+00,   3.051338e+00,   1.794368e-01,   7.255493e-04,   2.817606e-01,   4.086426e+00
  3.142164e+02,   2.850000e+00,   3.118509e+00,   1.810315e-01,   7.260882e-04,   2.873645e-01,   4.094944e+00
  3.146393e+02,   2.853750e+00,   3.186048e+00,   1.826603e-01,   7.266495e-04,   2.929775e-01,   4.103482e+00
  3.150695e+02,   2.857500e+00,   3.253956e+00,   1.843233e-01,   7.272338e-04,   2.985996e-01,   4.112040e+00
  3.155072e+02,   2.861250e+00,   3.322235e+00,   1.860207e-01,   7.278415e-04,   3.042309e-01,   4.120618e+00
  3.159526e+02,   2.865000e+00,   3.390887e+00,   1.877527e-01,   7.284731e-04,   3.098714e-01,   4.129216e+00
  3.164058e+02,   2.868750e+00,   3.459914e+00,   1.895194e-01,   7.291290e-04,   3.155211e-01,   4.137834e+00
  3.168670e+02,   2.872500e+00,   3.529318e+00,   1.913210e-01,   7.298099e-04,   3.211801e-01,   4.146471e+00
  3.173364e+02,   2.876250e+00,   3.599100e+00,   1.931577e-01,   7.305160e-04,   3.268484e-01,   4.155127e+00
  3.178141e+02,   2.880000e+00,   3.669262e+00,   1.950296e-01,   7.312479e-04,   3.325260e-01,   4.163804e+00
  3.183004e+02,   2.883750e+00,   3.739806e+00,   1.969369e-01,   7.320061e-04,   3.382130e-01,   4.172499e+00
  3.187921e+02,   2.887500e+00,   3.810734e+00,   1.988798e-01,   7.327680e-04,   3.439094e-01,   4.181214e+00
  3.192893e+02,   2.891250e+00,   3.882048e+00,   2.008584e-01,   7.335343e-04,   3.496152e-01,   4.189948e+00
  3.197955e+02,   2.895000e+00,   3.953749e+00,   2.028730e-01,   7.343274e-04,   3.553305e-01,   4.198701e+00
  3.203108e+02,   2.898750e+00,   4.025840e+00,   2.049236e-01,   7.351479e-04,   3.610553e-01,   4.207473e+00
  3.208353e+02,   2.902500e+00,   4.098322e+00,   2.070105e-01,   7.359964e-04,   3.667896e-01,   4.216265e+00
  3.213692e+02,   2.906250e+00,   4.171196e+00,   2.091339e-01,   7.368731e-04,   3.725335e-01,   4.225075e+00
  3.219127e+02,   2.910000e+00,   4.244465e+00,   2.112939e-01,   7.377787e-04,   3.782870e-01,   4.233904e+00
  3.224660e+02,   2.913750e+00,   4.318131e+00,   2.134906e-01,   7.387137e-04,   3.840500e-01,   4.242752e+00
  3.230292e+02,   2.917500e+00,   4.392195e+00,   2.157244e-01,   7.396784e-04,   3.898228e-01,   4.251618e+00
  3.236026e+02,   2.921250e+00,   4.466658e+00,   2.179953e-01,   7.406733e-04,   3.956052e-01,   4.260503e+00
  3.241862e+02,   2.925000e+00,   4.541524e+00,   2.203035e-01,   7.416991e-04,   4.013973e-01,   4.269407e+00
  3.247803e+02,   2.928750e+00,   4.616793e+00,   2.226492e-01,   7.427560e-04,   4.071991e-01,   4.278329e+00
  3.253851e+02,   2.932500e+00,   4.692467e+00,   2.250326e-01,   7.438447e-04,   4.130107e-01,   4.287270e+00
  3.260007e+02,   2.936250e+00,   4.768549e+00,   2.274539e-01,   7.449656e-04,   4.188320e-01,   4.296229e+00
  3.266273e+02,   2.940000e+00,   4.845039e+00,   2.299133e-01,   7.461192e-04,   4.246632e-01,   4.305206e+00
  3.272651e+02,   2.943750e+00,   4.921940e+00,   2.324108e-01,   7.473060e-04,   4.305042e-01,   4.314201e+00
  3.279143e+02,   2.947500e+00,   4.999253e+00,   2.349468e-01,   7.485265e-04,   4.363550e-01,   4.323215e+00
  3.285739e+02,   2.951250e+00,   5.076981e+00,   2.375214e-01,   7.497727e-04,   4.422157e-01,   4.332246e+00
  3.292383e+02,   2.955000e+00,   5.155123e+00,   2.401348e-01,   7.510038e-04,   4.480863e-01,   4.341296e+00
  3.299144e+02,   2.958750e+00,   5.233684e+00,   2.427871e-01,   7.522691e-04,   4.539669e-01,   4.350363e+00
  3.306024e+02,   2.962500e+00,   5.312663e+00,   2.454786e-01,   7.535691e-04,   4.598574e-01,   4.359448e+00
  3.313026e+02,   2.966250e+00,   5.392064e+00,   2.482095e-01,   7.549042e-04,   4.657578e-01,   4.368551e+00
  3.320150e+02,   2.970000e+00,   5.471887e+00,   2.509798e-01,   7.562749e-04,   4.716683e-01,   4.377671e+00
  3.327400e+02,   2.973750e+00,   5.552135e+00,   2.537899e-01,   7.576818e-04,   4.775888e-01,   4.386810e+00
  3.334776e+02,   2.977500e+00,   5.632809e+00,   2.566399e-01,   7.591252e-04,   4.835193e-01,   4.395965e+00
  3.342281e+02,   2.981250e+00,   5.713911e+00,   2.595300e-01,   7.606058e-04,   4.894598e-01,   4.405139e+00
  3.349916e+02,   2.985000e+00,   5.795442e+00,   2.624604e-01,   7.621239e-04,   4.954105e-01,   4.414329e+00
  3.357683e+02,   2.988750e+00,   5.877405e+00,   2.654312e-01,   7.636802e-04,   5.013712e-01,   4.423537e+00
  3.365585e+02,   2.992500e+00,   5.959801e+00,   2.684427e-01,   7.652750e-04,   5.073421e-01,   4.432763e+00
  3.373623e+02,   2.996250e+00,   6.042631e+00,   2.714951e-01,   7.669089e-04,   5.133231e-01,   4.442005e+00
  3.381798e+02,   3.000000e+00,   6.125898e+00,   2.745885e-01,   7.685823e-04,   5.193142e-01,   4.451265e+00
  3.435292e+02,   3.023333e+00,   6.653902e+00,   2.947701e-01,   7.794893e-04,   5.568212e-01,   4.509261e+00
  3.494439e+02,   3.046667e+00,   7.199294e+00,   3.165961e-01,   7.919169e-04,   5.947278e-01,   4.567906e+00
  3.559257e+02,   3.070000e+00,   7.762426e+00,   3.401121e-01,   8.056643e-04,   6.330343e-01,   4.627179e+00
  3.630243e+02,   3.093333e+00,   8.343716e+00,   3.653673e-01,   8.208701e-04,   6.717455e-01,   4.687069e+00
  3.707795e+02,   3.116667e+00,   8.943581e+00,   3.924117e-01,   8.376000e-04,   7.108658e-01,   4.747565e+00
  3.792201e+02,   3.140000e+00,   9.562355e+00,   4.212927e-01,   8.558351e-04,   7.503942e-01,   4.808648e+00
  3.883773e+02,   3.163333e+00,   1.020045e+01,   4.520613e-01,   8.755616e-04,   7.903341e-01,   4.870308e+00
  3.982841e+02,   3.186667e+00,   1.085826e+01,   4.847696e-01,   8.967692e-04,   8.306888e-01,   4.932535e+00
  4.089730e+02,   3.210000e+00,   1.153611e+01,   5.194658e-01,   9.194472e-04,   8.714561e-01,   4.995311e+00
  4.204792e+02,   3.233333e+00,   1.223440e+01,   5.562029e-01,   9.435899e-04,   9.126386e-01,   5.058628e+00
  4.328386e+02,   3.256667e+00,   1.295352e+01,   5.950345e-01,   9.691939e-04,   9.542388e-01,   5.122478e+00
  4.460865e+02,   3.280000e+00,   1.369378e+01,   6.360094e-01,   9.962538e-04,   9.962535e-01,   5.186843e+00
  4.602469e+02,   3.303333e+00,   1.445557e+01,   6.791819e-01,   1.024640e-03,   1.038684e+00,   5.251718e+00
  4.753608e+02,   3.326667e+00,   1.523928e+01,   7.246070e-01,   1.054372e-03,   1.081534e+00,   5.317094e+00
  4.914568e+02,   3.350000e+00,   1.604518e+01,   7.723338e-01,   1.085354e-03,   1.124797e+00,   5.382956e+00
  5.085762e+02,   3.373333e+00,   1.687368e+01,   8.224179e-01,   1.117594e-03,   1.168476e+00,   5.449299e+00
  5.267491e+02,   3.396667e+00,   1.772515e+01,   8.749151e-01,   1.150980e-03,   1.212571e+00,   5.516115e+00
  5.460089e+02,   3.420000e+00,   1.859987e+01,   9.298748e-01,   1.185436e-03,   1.257079e+00,   5.583391e+00
  5.663965e+02,   3.443333e+00,   1.949821e+01,   9.873535e-01,   1.220941e-03,   1.302000e+00,   5.651121e+00
  5.879470e+02,   3.466667e+00,   2.042056e+01,   1.047408e+00,   1.257397e-03,   1.347336e+00,   5.719301e+00
  6.106970e+02,   3.490000e+00,   2.136718e+01,   1.110088e+00,   1.294741e-03,   1.393080e+00,   5.787916e+00
  6.102833e+02,   3.513333e+00,   2.176143e+01,   1.148698e+00,   1.290421e-03,   1.420525e+00,   5.780826e+00
  5.918979e+02,   3.536667e+00,   2.172831e+01,   1.167564e+00,   1.253866e-03,   1.433745e+00,   5.718807e+00
  5.735853e+02,   3.560000e+00,   2.169527e+01,   1.186104e+00,   1.216634e-03,   1.446618e+00,   5.659296e+00
  5.553325e+02,   3.583333e+00,   2.166229e+01,   1.204325e+00,   1.178676e-03,   1.459159e+00,   5.602129e+00
  5.371247e+02,   3.606667e+00,   2.162937e+01,   1.222233e+00,   1.139933e-03,   1.471380e+00,   5.547153e+00
  5.189423e+02,   3.630000e+00,   2.159650e+01,   1.239832e+00,   1.100287e-03,   1.483293e+00,   5.494239e+00
  5.007724e+02,   3.653333e+00,   2.156366e+01,   1.257130e+00,   1.059722e-03,   1.494909e+00,   5.443259e+00
  4.825950e+02,   3.676667e+00,   2.153086e+01,   1.274132e+00,   1.018161e-03,   1.506239e+00,   5.394096e+00
  4.643894e+02,   3.700000e+00,   2.149808e+01,   1.290842e+00,   9.755171e-04,   1.517292e+00,   5.346649e+00
  4.461293e+02,   3.723333e+00,   2.146532e+01,   1.307266e+00,   9.316884e-04,   1.528078e+00,   5.300819e+00
  4.277836e+02,   3.746667e+00,   2.143256e+01,   1.323409e+00,   8.865545e-04,   1.538606e+00,   5.256513e+00
  4.093060e+02,   3.770000e+00,   2.139980e+01,   1.339275e+00,   8.399001e-04,   1.548884e+00,   5.213653e+00
  3.906604e+02,   3.793333e+00,   2.136703e+01,   1.354869e+00,   7.916324e-04,   1.558919e+00,   5.172158e+00
  3.717907e+02,   3.816667e+00,   2.133425e+01,   1.370197e+00,   7.415541e-04,   1.568721e+00,   5.131956e+00
  3.526280e+02,   3.840000e+00,   2.130144e+01,   1.385262e+00,   6.894294e-04,   1.578294e+00,   5.092983e+00
  3.330798e+02,   3.863333e+00,   2.126862e+01,   1.400068e+00,   6.349588e-04,   1.587648e+00,   5.055176e+00
  3.130216e+02,   3.886667e+00,   2.123575e+01,   1.414621e+00,   5.777647e-04,   1.596788e+00,   5.018474e+00
  2.980000e+02,   3.910000e+00,   2.121181e+01,   1.433657e+00,   5.335175e-04,   1.606058e+00,   4.983880e+00
  2.980000e+02,   3.933333e+00,   2.121199e+01,   1.465123e+00,   5.311127e-04,   1.616053e+00,   4.953099e+00
  2.980000e+02,   3.956667e+00,   2.121218e+01,   1.496217e+00,   5.287297e-04,   1.625870e+00,   4.923234e+00
  2.980000e+02,   3.980000e+00,   2.121237e+01,   1.526943e+00,   5.263685e-04,   1.635515e+00,   4.894247e+00
  2.980000e+02,   4.003333e+00,   2.121257e+01,   1.557310e+00,   5.240284e-04,   1.644992e+00,   4.866097e+00
  2.980000e+02,   4.026667e+00,   2.121278e+01,   1.587324e+00,   5.217090e-04,   1.654307e+00,   4.838746e+00
  2.980000e+02,   4.050000e+00,   2.121300e+01,   1.616990e+00,   5.194101e-04,   1.663463e+00,   4.812160e+00
  2.980000e+02,   4.073333e+00,   2.121322e+01,   1.646314e+00,   5.171312e-04,   1.672466e+00,   4.786307e+00
  2.980000e+02,   4.096667e+00,   2.121345e+01,   1.675304e+00,   5.148719e-04,   1.681319e+00,   4.761154e+00
  2.980000e+02,   4.120000e+00,   2.121368e+01,   1.703963e+00,   5.126319e-04,   1.690027e+00,   4.736674e+00
  2.980000e+02,   4.143333e+00,   2.121392e+01,   1.732297e+00,   5.104108e-04,   1.698594e+00,   4.712839e+00
  2.980000e+02,   4.166667e+00,   2.121416e+01,   1.760314e+00,   5.082083e-04,   1.707023e+00,   4.689622e+00
  2.980000e+02,   4.190000e+00,   2.121442e+01,   1.788016e+00,   5.060241e-04,   1.715317e+00,   4.667000e+00
  2.980000e+02,   4.213333e+00,   2.121467e+01,   1.815409e+00,   5.038579e-04,   1.723481e+00,   4.644948e+00
  2.980000e+02,   4.236667e+00,   2.121493e+01,   1.842501e+00,   5.017092e-04,   1.731518e+00,   4.623445e+00
  2.980000e+02,   4.260000e+00,   2.121520e+01,   1.869293e+00,   4.995780e-04,   1.739431e+00,   4.602470e+00
  2.980000e+02,   4.283333e+00,   2.121547e+01,   1.895791e+00,   4.974638e-04,   1.747223e+00,   4.582004e+00
  2.980000e+02,   4.306667e+00,   2.166768e+01,   1.922084e+00,   4.953662e-04,   1.773490e+00,   4.610360e+00
  2.980000e+02,   4.330000e+00,   2.327914e+01,   1.949577e+00,   4.932853e-04,   1.846162e+00,   4.758263e+00
  3.007140e+02,   4.353333e+00,   2.494103e+01,   1.981013e+00,   4.985551e-04,   1.918986e+00,   4.904493e+00
  4.447305e+02,   4.376667e+00,   2.691640e+01,   2.143327e+00,   8.512148e-04,   2.001783e+00,   5.074016e+00
  5.778904e+02,   4.400000e+00,   2.894903e+01,   2.312168e+00,   1.116421e-03,   2.084422e+00,   5.240833e+00
  7.094201e+02,   4.423333e+00,   3.103906e+01,   2.487615e+00,   1.333783e-03,   2.166959e+00,   5.405178e+00
  8.422309e+02,   4.446667e+00,   3.318676e+01,   2.669758e+00,   1.519883e-03,   2.249443e+00,   5.567267e+00
  9.776248e+02,   4.470000e+00,   3.539221e+01,   2.858665e+00,   1.683547e-03,   2.331911e+00,   5.727276e+00
  1.116332e+03,   4.493333e+00,   3.765575e+01,   3.054428e+00,   1.830218e-03,   2.414401e+00,   5.885377e+00
  1.258814e+03,   4.516667e+00,   3.997774e+01,   3.257140e+00,   1.963497e-03,   2.496950e+00,   6.041726e+00
  1.405369e+03,   4.540000e+00,   4.235825e+01,   3.466867e+00,   2.085903e-03,   2.579576e+00,   6.196441e+00
  1.556239e+03,   4.563333e+00,   4.479764e+01,   3.683700e+00,   2.199293e-03,   2.662307e+00,   6.349649e+00
  1.711613e+03,   4.586667e+00,   4.729628e+01,   3.907732e+00,   2.305078e-03,   2.745167e+00,   6.501462e+00
  1.871630e+03,   4.610000e+00,   4.985421e+01,   4.139024e+00,   2.404327e-03,   2.828166e+00,   6.651962e+00
  2.036431e+03,   4.633333e+00,   5.247181e+01,   4.377666e+00,   2.497891e-03,   2.911324e+00,   6.801245e+00
  2.206140e+03,   4.656667e+00,   5.514945e+01,   4.623749e+00,   2.586522e-03,   2.994658e+00,   6.949396e+00
  2.380846e+03,   4.680000e+00,   5.788717e+01,   4.877331e+00,   2.670751e-03,   3.078171e+00,   7.096474e+00
  2.560651e+03,   4.703333e+00,   6.068533e+01,   5.138501e+00,   2.751073e-03,   3.161879e+00,   7.242551e+00
  2.745648e+03,   4.726667e+00,   6.354430e+01,   5.407348e+00,   2.827865e-03,   3.245793e+00,   7.387695e+00
  2.935896e+03,   4.750000e+00,   6.646408e+01,   5.683924e+00,   2.901473e-03,   3.329913e+00,   7.531947e+00
  3.131462e+03,   4.773333e+00,   6.944502e+01,   5.968315e+00,   2.972187e-03,   3.414250e+00,   7.675364e+00
  3.332407e+03,   4.796667e+00,   7.248744e+01,   6.260605e+00,   3.040281e-03,   3.498812e+00,   7.817996e+00
  3.538750e+03,   4.820000e+00,   7.559129e+01,   6.560838e+00,   3.105938e-03,   3.583595e+00,   7.959874e+00
  3.750515e+03,   4.843333e+00,   7.875686e+01,   6.869095e+00,   3.169372e-03,   3.668605e+00,   8.101039e+00
  3.967732e+03,   4.866667e+00,   8.198447e+01,   7.185457e+00,   3.230753e-03,   3.753850e+00,   8.241534e+00
  4.190378e+03,   4.890000e+00,   8.527398e+01,   7.509960e+00,   3.290221e-03,   3.839322e+00,   8.381377e+00
  4.418452e+03,   4.913333e+00,   8.862568e+01,   7.842681e+00,   3.347912e-03,   3.925027e+00,   8.520604e+00
  4.651947e+03,   4.936667e+00,   9.203987e+01,   8.183698e+00,   3.403953e-03,   4.010969e+00,   8.659248e+00
  4.890821e+03,   4.960000e+00,   9.551641e+01,   8.533045e+00,   3.458447e-03,   4.097141e+00,   8.797324e+00
  5.135062e+03,   4.983333e+00,   9.905561e+01,   8.890798e+00,   3.511494e-03,   4.183547e+00,   8.934863e+00
  5.384658e+03,   5.006667e+00,   1.026578e+02,   9.257040e+00,   3.563188e-03,   4.270193e+00,   9.071896e+00
  5.639567e+03,   5.030000e+00,   1.063230e+02,   9.631804e+00,   3.613599e-03,   4.357072e+00,   9.208435e+00
  5.899789e+03,   5.053333e+00,   1.100514e+02,   1.001517e+01,   3.662812e-03,   4.444190e+00,   9.344510e+00
  6.165329e+03,   5.076667e+00,   1.138436e+02,   1.040724e+01,   3.710893e-03,   4.531550e+00,   9.480152e+00
  6.436166e+03,   5.100000e+00,   1.176995e+02,   1.080804e+01,   3.757900e-03,   4.619150e+00,   9.615373e+00
  6.712324e+03,   5.123333e+00,   1.216196e+02,   1.121766e+01,   3.803895e-03,   4.706993e+00,   9.750201e+00
  6.993835e+03,   5.146667e+00,   1.256045e+02,   1.163620e+01,   3.848930e-03,   4.795089e+00,   9.884668e+00
  7.280706e+03,   5.170000e+00,   1.296542e+02,   1.206372e+01,   3.893053e-03,   4.883431e+00,   1.001879e+01
  7.572988e+03,   5.193333e+00,   1.337693e+02,   1.250030e+01,   3.936306e-03,   4.972028e+00,   1.015258e+01
  7.870740e+03,   5.216667e+00,   1.379504e+02,   1.294605e+01,   3.978734e-03,   5.060886e+00,   1.028609e+01
  8.173993e+03,   5.240000e+00,   1.421978e+02,   1.340103e+01,   4.020372e-03,   5.150003e+00,   1.041931e+01
  8.482821e+03,   5.263333e+00,   1.465119e+02,   1.386534e+01,   4.061258e-03,   5.239384e+00,   1.055228e+01
  8.797300e+03,   5.286667e+00,   1.508936e+02,   1.433910e+01,   4.101423e-03,   5.329039e+00,   1.068503e+01
  9.117475e+03,   5.310000e+00,   1.553430e+02,   1.482235e+01,   4.140895e-03,   5.418963e+00,   1.081755e+01
  9.443431e+03,   5.333333e+00,   1.598607e+02,   1.531521e+01,   4.179704e-03,   5.509164e+00,   1.094989e+01
  9.775254e+03,   5.356667e+00,   1.644477e+02,   1.581780e+01,   4.217875e-03,   5.599649e+00,   1.108206e+01
  1.011299e+04,   5.380000e+00,   1.691039e+02,   1.633017e+01,   4.255426e-03,   5.690414e+00,   1.121408e+01
  1.045672e+04,   5.403333e+00,   1.738302e+02,   1.685244e+01,   4.292383e-03,   5.781466e+00,   1.134595e+01
  1.080655e+04,   5.426667e+00,   1.786273e+02,   1.738473e+01,   4.328788e-03,   5.872812e+00,   1.147772e+01
  1.116249e+04,   5.450000e+00,   1.834953e+02,   1.792708e+01,   4.364620e-03,   5.964447e+00,   1.160937e+01
  1.152465e+04,   5.473333e+00,   1.884351e+02,   1.847962e+01,   4.399929e-03,   6.056377e+00,   1.174093e+01
  1.189309e+04,   5.496667e+00,   1.934473e+02,   1.904246e+01,   4.434726e-03,   6.148608e+00,   1.187243e+01
  1.226783e+04,   5.520000e+00,   1.985320e+02,   1.961565e+01,   4.469008e-03,   6.241135e+00,   1.200386e+01
  1.264895e+04,   5.543333e+00,   2.036901e+02,   2.019932e+01,   4.502809e-03,   6.333964e+00,   1.213523e+01
  1.303651e+04,   5.566667e+00,   2.089222e+02,   2.079357e+01,   4.536141e-03,   6.427099e+00,   1.226658e+01
  1.343053e+04,   5.590000e+00,   2.142284e+02,   2.139846e+01,   4.569013e-03,   6.520535e+00,   1.239789e+01
  1.383105e+04,   5.613333e+00,   2.196095e+02,   2.201409e+01,   4.601437e-03,   6.614276e+00,   1.252918e+01
  1.423812e+04,   5.636667e+00,   2.250662e+02,   2.264060e+01,   4.633428e-03,   6.708328e+00,   1.266047e+01
  1.465173e+04,   5.660000e+00,   2.305985e+02,   2.327801e+01,   4.664995e-03,   6.802682e+00,   1.279175e+01
  1.507193e+04,   5.683333e+00,   2.362071e+02,   2.392645e+01,   4.696152e-03,   6.897344e+00,   1.292305e+01
  1.549874e+04,   5.706667e+00,   2.418928e+02,   2.458603e+01,   4.726912e-03,   6.992318e+00,   1.305436e+01
  1.593214e+04,   5.730000e+00,   2.476555e+02,   2.525678e+01,   4.757270e-03,   7.087597e+00,   1.318569e+01
  1.637216e+04,   5.753333e+00,   2.534960e+02,   2.593883e+01,   4.787251e-03,   7.183183e+00,   1.331705e+01
  1.681881e+04,   5.776667e+00,   2.594150e+02,   2.663229e+01,   4.816863e-03,   7.279082e+00,   1.344845e+01
  1.727206e+04,   5.800000e+00,   2.654124e+02,   2.733718e+01,   4.846107e-03,   7.375285e+00,   1.357989e+01
  1.773193e+04,   5.823333e+00,   2.714890e+02,   2.805364e+01,   4.874999e-03,   7.471797e+00,   1.371138e+01
  1.819842e+04,   5.846667e+00,   2.776454e+02,   2.878178e+01,   4.903550e-03,   7.568621e+00,   1.384292e+01
  1.867148e+04,   5.870000e+00,   2.838817e+02,   2.952162e+01,   4.931755e-03,   7.665748e+00,   1.397452e+01
  1.915112e+04,   5.893333e+00,   2.901986e+02,   3.027328e+01,   4.959633e-03,   7.763184e+00,   1.410618e+01
  1.963736e+04,   5.916667e+00,   2.965968e+02,   3.103689e+01,   4.987193e-03,   7.860932e+00,   1.423791e+01
  2.012883e+04,   5.940000e+00,   3.030752e+02,   3.181238e+01,   5.013945e-03,   7.958971e+00,   1.436969e+01
  2.062436e+04,   5.963333e+00,   3.096339e+02,   3.259976e+01,   5.039482e-03,   8.057294e+00,   1.450151e+01
  2.112841e+04,   5.986667e+00,   3.162767e+02,   3.339951e+01,   5.065493e-03,   8.155948e+00,   1.463345e+01
  2.164102e+04,   6.010000e+00,   3.230038e+02,   3.421167e+01,   5.091980e-03,   8.254926e+00,   1.476551e+01
  2.216232e+04,   6.033333e+00,   3.298161e+02,   3.503638e+01,   5.118951e-03,   8.354234e+00,   1.489770e+01
  2.269138e+04,   6.056667e+00,   3.367138e+02,   3.587371e+01,   5.146079e-03,   8.453867e+00,   1.503002e+01
  2.321799e+04,   6.080000e+00,   3.436891e+02,   3.672285e+01,   5.170109e-03,   8.553722e+00,   1.516228e+01
  2.375339e+04,   6.103333e+00,   3.507513e+02,   3.758484e+01,   5.194573e-03,   8.653909e+00,   1.529470e+01
  2.429771e+04,   6.126667e+00,   3.579014e+02,   3.845983e+01,   5.219476e-03,   8.754434e+00,   1.542728e+01
  2.485099e+04,   6.150000e+00,   3.651395e+02,   3.934786e+01,   5.244821e-03,   8.855291e+00,   1.556001e+01
  2.541337e+04,   6.173333e+00,   3.724666e+02,   4.024909e+01,   5.270615e-03,   8.956486e+00,   1.569292e+01
  2.597609e+04,   6.196667e+00,   3.798775e+02,   4.116299e+01,   5.294653e-03,   9.057950e+00,   1.582587e+01
  2.654186e+04,   6.220000e+00,   3.873739e+02,   4.208979e+01,   5.317593e-03,   9.159696e+00,   1.595891e+01
  2.711681e+04,   6.243333e+00,   3.949611e+02,   4.303009e+01,   5.340935e-03,   9.261784e+00,   1.609214e+01
  2.770107e+04,   6.266667e+00,   4.026402e+02,   4.398406e+01,   5.364685e-03,   9.364218e+00,   1.622556e+01
  2.829468e+04,   6.290000e+00,   4.104113e+02,   4.495174e+01,   5.388844e-03,   9.466993e+00,   1.635917e+01
  2.889778e+04,   6.313333e+00,   4.182755e+02,   4.593330e+01,   5.413418e-03,   9.570113e+00,   1.649299e+01
  2.949728e+04,   6.336667e+00,   4.262268e+02,   4.692813e+01,   5.435704e-03,   9.673506e+00,   1.662688e+01
  3.010229e+04,   6.360000e+00,   4.342700e+02,   4.793677e+01,   5.457553e-03,   9.777218e+00,   1.676095e+01
  3.071686e+04,   6.383333e+00,   4.424082e+02,   4.895962e+01,   5.479775e-03,   9.881280e+00,   1.689522e+01
  3.134112e+04,   6.406667e+00,   4.506427e+02,   4.999685e+01,   5.502374e-03,   9.985698e+00,   1.702973e+01
  3.197514e+04,   6.430000e+00,   4.589735e+02,   5.104852e+01,   5.525354e-03,   1.009047e+01,   1.716447e+01
  3.261904e+04,   6.453333e+00,   4.674017e+02,   5.211478e+01,   5.548718e-03,   1.019559e+01,   1.729944e+01
  3.326183e+04,   6.476667e+00,   4.759266e+02,   5.319560e+01,   5.570500e-03,   1.030105e+01,   1.743462e+01
  3.390699e+04,   6.500000e+00,   4.845488e+02,   5.429107e+01,   5.591304e-03,   1.040685e+01,   1.757001e+01
  3.456212e+04,   6.523333e+00,   4.932707e+02,   5.540152e+01,   5.612454e-03,   1.051302e+01,   1.770566e+01
  3.522735e+04,   6.546667e+00,   5.020936e+02,   5.652713e+01,   5.633956e-03,   1.061954e+01,   1.784156e+01
  3.590273e+04,   6.570000e+00,   5.110177e+02,   5.766796e+01,   5.655810e-03,   1.072643e+01,   1.797772e+01
  3.658842e+04,   6.593333e+00,   5.200442e+02,   5.882418e+01,   5.678023e-03,   1.083369e+01,   1.811415e+01
  3.728315e+04,   6.616667e+00,   5.291750e+02,   5.999606e+01,   5.700371e-03,   1.094132e+01,   1.825086e+01
  3.797059e+04,   6.640000e+00,   5.384169e+02,   6.118441e+01,   5.720213e-03,   1.104940e+01,   1.838798e+01
  3.866843e+04,   6.663333e+00,   5.477639e+02,   6.238859e+01,   5.740379e-03,   1.115785e+01,   1.852537e+01
  3.937683e+04,   6.686667e+00,   5.572175e+02,   6.360882e+01,   5.760873e-03,   1.126668e+01,   1.866306e+01
  4.009584e+04,   6.710000e+00,   5.667777e+02,   6.484514e+01,   5.781696e-03,   1.137588e+01,   1.880103e+01
  4.082561e+04,   6.733333e+00,   5.764459e+02,   6.609774e+01,   5.802853e-03,   1.148547e+01,   1.893930e+01
  4.156629e+04,   6.756667e+00,   5.862235e+02,   6.736685e+01,   5.824350e-03,   1.159544e+01,   1.907788e+01
  4.231411e+04,   6.780000e+00,   5.961161e+02,   6.865312e+01,   5.845590e-03,   1.170584e+01,   1.921685e+01
  4.305832e+04,   6.803333e+00,   6.061403e+02,   6.995854e+01,   5.864885e-03,   1.181683e+01,   1.935647e+01
  4.381360e+04,   6.826667e+00,   6.162774e+02,   7.128101e+01,   5.884488e-03,   1.192822e+01,   1.949641e+01
  4.458002e+04,   6.850000e+00,   6.265276e+02,   7.262056e+01,   5.904401e-03,   1.204000e+01,   1.963667e+01
  4.535772e+04,   6.873333e+00,   6.368923e+02,   7.397743e+01,   5.924628e-03,   1.215217e+01,   1.977726e+01
  4.614688e+04,   6.896667e+00,   6.473730e+02,   7.535185e+01,   5.945174e-03,   1.226475e+01,   1.991819e+01
  4.694756e+04,   6.920000e+00,   6.579700e+02,   7.674385e+01,   5.966040e-03,   1.237773e+01,   2.005946e+01
  4.775952e+04,   6.943333e+00,   6.686860e+02,   7.815383e+01,   5.987167e-03,   1.249112e+01,   2.020109e+01
  4.856706e+04,   6.966667e+00,   6.795720e+02,   7.958778e+01,   6.006011e-03,   1.260540e+01,   2.034384e+01
  4.938635e+04,   6.990000e+00,   6.905787e+02,   8.104000e+01,   6.025149e-03,   1.272008e+01,   2.048695e+01
  5.021757e+04,   7.013333e+00,   7.017076e+02,   8.251073e+01,   6.044585e-03,   1.283518e+01,   2.063042e+01
  5.106089e+04,   7.036667e+00,   7.129604e+02,   8.400021e+01,   6.064324e-03,   1.295071e+01,   2.077428e+01
  5.191637e+04,   7.060000e+00,   7.243374e+02,   8.550851e+01,   6.084366e-03,   1.306666e+01,   2.091850e+01
  5.278419e+04,   7.083333e+00,   7.358403e+02,   8.703588e+01,   6.104716e-03,   1.318303e+01,   2.106311e+01
  5.366453e+04,   7.106667e+00,   7.474708e+02,   8.858257e+01,   6.125378e-03,   1.329983e+01,   2.120811e+01
  5.454992e+04,   7.130000e+00,   7.592770e+02,   9.015433e+01,   6.144973e-03,   1.341749e+01,   2.135418e+01
  5.544202e+04,   7.153333e+00,   7.712524e+02,   9.175047e+01,   6.163761e-03,   1.353593e+01,   2.150119e+01
  5.634700e+04,   7.176667e+00,   7.833611e+02,   9.336679e+01,   6.182839e-03,   1.365482e+01,   2.164862e+01
  5.726494e+04,   7.200000e+00,   7.956035e+02,   9.500338e+01,   6.202207e-03,   1.377415e+01,   2.179646e+01
  5.819601e+04,   7.223333e+00,   8.079814e+02,   9.666051e+01,   6.221871e-03,   1.389394e+01,   2.194472e+01
  5.914043e+04,   7.246667e+00,   8.204968e+02,   9.833846e+01,   6.241835e-03,   1.401418e+01,   2.209343e+01
  6.009827e+04,   7.270000e+00,   8.331500e+02,   1.000373e+02,   6.262099e-03,   1.413489e+01,   2.224256e+01
  6.106973e+04,   7.293333e+00,   8.459430e+02,   1.017574e+02,   6.282669e-03,   1.425606e+01,   2.239214e+01
  6.204714e+04,   7.316667e+00,   8.589890e+02,   1.035123e+02,   6.301566e-03,   1.437863e+01,   2.254364e+01
  6.303712e+04,   7.340000e+00,   8.721990e+02,   1.052915e+02,   6.320407e-03,   1.450184e+01,   2.269585e+01
  6.404122e+04,   7.363333e+00,   8.855563e+02,   1.070930e+02,   6.339534e-03,   1.462554e+01,   2.284853e+01
  6.505968e+04,   7.386667e+00,   8.990629e+02,   1.089171e+02,   6.358952e-03,   1.474974e+01,   2.300170e+01
  6.609256e+04,   7.410000e+00,   9.127193e+02,   1.107639e+02,   6.378661e-03,   1.487442e+01,   2.315535e+01
  6.714010e+04,   7.433333e+00,   9.265277e+02,   1.126338e+02,   6.398668e-03,   1.499960e+01,   2.330949e+01
  6.820252e+04,   7.456667e+00,   9.404904e+02,   1.145270e+02,   6.418974e-03,   1.512530e+01,   2.346414e+01
  6.927992e+04,   7.480000e+00,   9.546079e+02,   1.164438e+02,   6.439583e-03,   1.525149e+01,   2.361929e+01
  7.036905e+04,   7.503333e+00,   9.690622e+02,   1.184062e+02,   6.458383e-03,   1.537963e+01,   2.377716e+01
  7.147365e+04,   7.526667e+00,   9.836861e+02,   1.203942e+02,   6.477397e-03,   1.550835e+01,   2.393564e+01
  7.259393e+04,   7.550000e+00,   9.984744e+02,   1.224070e+02,   6.496699e-03,   1.563760e+01,   2.409467e+01
  7.373014e+04,   7.573333e+00,   1.013430e+03,   1.244451e+02,   6.516291e-03,   1.576739e+01,   2.425424e+01
  7.488253e+04,   7.596667e+00,   1.028554e+03,   1.265089e+02,   6.536179e-03,   1.589774e+01,   2.441439e+01
  7.605121e+04,   7.620000e+00,   1.043849e+03,   1.285984e+02,   6.556364e-03,   1.602864e+01,   2.457509e+01
  7.723644e+04,   7.643333e+00,   1.059317e+03,   1.307140e+02,   6.576851e-03,   1.616009e+01,   2.473637e+01
  7.843848e+04,   7.666667e+00,   1.074959e+03,   1.328562e+02,   6.597645e-03,   1.629211e+01,   2.489825e+01
  7.966077e+04,   7.690000e+00,   1.091021e+03,   1.350552e+02,   6.616756e-03,   1.642653e+01,   2.506349e+01
  8.090071e+04,   7.713333e+00,   1.107278e+03,   1.372833e+02,   6.636071e-03,   1.656161e+01,   2.522948e+01
  8.215843e+04,   7.736667e+00,   1.123723e+03,   1.395398e+02,   6.655681e-03,   1.669731e+01,   2.539610e+01
  8.343407e+04,   7.760000e+00,   1.140357e+03,   1.418249e+02,   6.675586e-03,   1.683360e+01,   2.556336e+01
  8.472791e+04,   7.783333e+00,   1.157183e+03,   1.441389e+02,   6.695792e-03,   1.697051e+01,   2.573126e+01
  8.604027e+04,   7.806667e+00,   1.174203e+03,   1.464824e+02,   6.716303e-03,   1.710805e+01,   2.589984e+01
  8.737127e+04,   7.830000e+00,   1.191420e+03,   1.488555e+02,   6.737121e-03,   1.724620e+01,   2.606907e+01
  8.872124e+04,   7.853333e+00,   1.208836e+03,   1.512587e+02,   6.758251e-03,   1.738499e+01,   2.623898e+01
  9.010119e+04,   7.876667e+00,   1.226750e+03,   1.537296e+02,   6.777933e-03,   1.752654e+01,   2.641277e+01
  9.150242e+04,   7.900000e+00,   1.244914e+03,   1.562371e+02,   6.797688e-03,   1.766903e+01,   2.658769e+01
  9.292391e+04,   7.923333e+00,   1.263293e+03,   1.587771e+02,   6.817746e-03,   1.781221e+01,   2.676335e+01
  9.436601e+04,   7.946667e+00,   1.281891e+03,   1.613501e+02,   6.838111e-03,   1.795607e+01,   2.693976e+01
  9.582890e+04,   7.970000e+00,   1.300709e+03,   1.639562e+02,   6.858786e-03,   1.810063e+01,   2.711693e+01
  9.731293e+04,   7.993333e+00,   1.319751e+03,   1.665962e+02,   6.879777e-03,   1.824590e+01,   2.729486e+01
  9.881846e+04,   8.016667e+00,   1.339021e+03,   1.692704e+02,   6.901088e-03,   1.839188e+01,   2.747358e+01
  1.003457e+05,   8.040000e+00,   1.358520e+03,   1.719792e+02,   6.922723e-03,   1.853858e+01,   2.765309e+01
  1.019132e+05,   8.063333e+00,   1.378602e+03,   1.747674e+02,   6.943117e-03,   1.868837e+01,   2.783693e+01
  1.035082e+05,   8.086667e+00,   1.399013e+03,   1.776032e+02,   6.963460e-03,   1.883950e+01,   2.802246e+01
  1.051266e+05,   8.110000e+00,   1.419674e+03,   1.804766e+02,   6.984120e-03,   1.899141e+01,   2.820886e+01
  1.067688e+05,   8.133333e+00,   1.440590e+03,   1.833883e+02,   7.005102e-03,   1.914411e+01,   2.839613e+01
  1.084354e+05,   8.156667e+00,   1.461765e+03,   1.863389e+02,   7.026411e-03,   1.929762e+01,   2.858431e+01
  1.101264e+05,   8.180000e+00,   1.483201e+03,   1.893288e+02,   7.048052e-03,   1.945194e+01,   2.877340e+01
  1.118424e+05,   8.203333e+00,   1.504903e+03,   1.923586e+02,   7.070029e-03,   1.960708e+01,   2.896340e+01
  1.135838e+05,   8.226667e+00,   1.526875e+03,   1.954290e+02,   7.092349e-03,   1.976306e+01,   2.915435e+01
  1.153617e+05,   8.250000e+00,   1.549541e+03,   1.985944e+02,   7.113516e-03,   1.992258e+01,   2.935023e+01
  1.171734e+05,   8.273333e+00,   1.572614e+03,   2.018182e+02,   7.134614e-03,   2.008375e+01,   2.954823e+01
  1.190172e+05,   8.296667e+00,   1.595987e+03,   2.050870e+02,   7.156049e-03,   2.024585e+01,   2.974730e+01
  1.208934e+05,   8.320000e+00,   1.619664e+03,   2.084012e+02,   7.177825e-03,   2.040889e+01,   2.994744e+01
  1.228028e+05,   8.343333e+00,   1.643650e+03,   2.117616e+02,   7.199948e-03,   2.057288e+01,   3.014867e+01
  1.247460e+05,   8.366667e+00,   1.667950e+03,   2.151690e+02,   7.222426e-03,   2.073785e+01,   3.035103e+01
  1.267233e+05,   8.390000e+00,   1.692568e+03,   2.186241e+02,   7.245262e-03,   2.090379e+01,   3.055450e+01
  1.287355e+05,   8.413333e+00,   1.717510e+03,   2.221276e+02,   7.268462e-03,   2.107073e+01,   3.075912e+01
  1.306171e+05,   8.436667e+00,   1.743243e+03,   2.257401e+02,   7.290499e-03,   2.124148e+01,   3.096900e+01
  1.324998e+05,   8.460000e+00,   1.769401e+03,   2.294144e+02,   7.312627e-03,   2.141376e+01,   3.118080e+01
  1.344067e+05,   8.483333e+00,   1.795903e+03,   2.331405e+02,   7.335127e-03,   2.158707e+01,   3.139376e+01
  1.363420e+05,   8.506667e+00,   1.822761e+03,   2.369197e+02,   7.358003e-03,   2.176143e+01,   3.160795e+01
  1.383125e+05,   8.530000e+00,   1.849984e+03,   2.407535e+02,   7.381250e-03,   2.193690e+01,   3.182343e+01
  1.403191e+05,   8.553333e+00,   1.877581e+03,   2.446430e+02,   7.404877e-03,   2.211349e+01,   3.204022e+01
  1.423625e+05,   8.576667e+00,   1.905558e+03,   2.485894e+02,   7.428890e-03,   2.229124e+01,   3.225835e+01
  1.444432e+05,   8.600000e+00,   1.933920e+03,   2.525932e+02,   7.453294e-03,   2.247013e+01,   3.247784e+01
  1.465514e+05,   8.623333e+00,   1.962858e+03,   2.566794e+02,   7.477688e-03,   2.265125e+01,   3.270022e+01
  1.486559e+05,   8.646667e+00,   1.992902e+03,   2.609180e+02,   7.500929e-03,   2.283761e+01,   3.292983e+01
  1.507959e+05,   8.670000e+00,   2.023374e+03,   2.652202e+02,   7.524569e-03,   2.302522e+01,   3.316091e+01
  1.529720e+05,   8.693333e+00,   2.054283e+03,   2.695876e+02,   7.548618e-03,   2.321412e+01,   3.339351e+01
  1.551852e+05,   8.716667e+00,   2.085638e+03,   2.740213e+02,   7.573083e-03,   2.340434e+01,   3.362766e+01
  1.574359e+05,   8.740000e+00,   2.117444e+03,   2.785223e+02,   7.597970e-03,   2.359587e+01,   3.386336e+01
  1.597248e+05,   8.763333e+00,   2.149712e+03,   2.830920e+02,   7.623289e-03,   2.378874e+01,   3.410066e+01
  1.620529e+05,   8.786667e+00,   2.182450e+03,   2.877318e+02,   7.649047e-03,   2.398300e+01,   3.433958e+01
  1.644207e+05,   8.810000e+00,   2.215666e+03,   2.924427e+02,   7.675252e-03,   2.417862e+01,   3.458014e+01
  1.667546e+05,   8.833333e+00,   2.249574e+03,   2.972533e+02,   7.700221e-03,   2.437677e+01,   3.482396e+01
  1.690787e+05,   8.856667e+00,   2.284208e+03,   3.021682e+02,   7.724412e-03,   2.457757e+01,   3.507121e+01
  1.714518e+05,   8.880000e+00,   2.319440e+03,   3.071709e+02,   7.749133e-03,   2.478028e+01,   3.532085e+01
  1.738753e+05,   8.903333e+00,   2.355288e+03,   3.122637e+02,   7.774397e-03,   2.498495e+01,   3.557293e+01
  1.763506e+05,   8.926667e+00,   2.391768e+03,   3.174491e+02,   7.800219e-03,   2.519164e+01,   3.582752e+01
  1.788787e+05,   8.950000e+00,   2.428892e+03,   3.227289e+02,   7.826610e-03,   2.540036e+01,   3.608464e+01
  1.814610e+05,   8.973333e+00,   2.466677e+03,   3.281057e+02,   7.853587e-03,   2.561117e+01,   3.634436e+01
  1.840992e+05,   8.996667e+00,   2.505143e+03,   3.335821e+02,   7.881164e-03,   2.582411e+01,   3.660676e+01
  1.867945e+05,   9.020000e+00,   2.544303e+03,   3.391601e+02,   7.909354e-03,   2.603921e+01,   3.687185e+01
  1.891176e+05,   9.043333e+00,   2.581849e+03,   3.445323e+02,   7.932910e-03,   2.624471e+01,   3.712300e+01
  1.913720e+05,   9.066667e+00,   2.619355e+03,   3.499079e+02,   7.955526e-03,   2.644875e+01,   3.737174e+01
  1.936669e+05,   9.090000e+00,   2.657406e+03,   3.553651e+02,   7.978531e-03,   2.665428e+01,   3.762227e+01
  1.960034e+05,   9.113333e+00,   2.696013e+03,   3.609057e+02,   8.001934e-03,   2.686134e+01,   3.787463e+01
  1.983821e+05,   9.136667e+00,   2.735191e+03,   3.665314e+02,   8.025745e-03,   2.706997e+01,   3.812887e+01
  2.008039e+05,   9.160000e+00,   2.774945e+03,   3.722435e+02,   8.049969e-03,   2.728016e+01,   3.838499e+01
  2.032697e+05,   9.183333e+00,   2.815289e+03,   3.780438e+02,   8.074615e-03,   2.749196e+01,   3.864304e+01
  2.057805e+05,   9.206667e+00,   2.856236e+03,   3.839344e+02,   8.099692e-03,   2.770540e+01,   3.890306e+01
  2.083369e+05,   9.230000e+00,   2.897795e+03,   3.899166e+02,   8.125207e-03,   2.792049e+01,   3.916506e+01
  2.109401e+05,   9.253333e+00,   2.939980e+03,   3.959924e+02,   8.151170e-03,   2.813726e+01,   3.942909e+01
  2.134779e+05,   9.276667e+00,   2.983537e+03,   4.022626e+02,   8.176495e-03,   2.835923e+01,   3.970006e+01
  2.159617e+05,   9.300000e+00,   3.028374e+03,   4.087152e+02,   8.201333e-03,   2.858585e+01,   3.997721e+01
  2.184917e+05,   9.323333e+00,   3.073917e+03,   4.152733e+02,   8.226631e-03,   2.881435e+01,   4.025662e+01
  2.210676e+05,   9.346667e+00,   3.120177e+03,   4.219386e+02,   8.252395e-03,   2.904475e+01,   4.053832e+01
  2.236903e+05,   9.370000e+00,   3.167167e+03,   4.287127e+02,   8.278632e-03,   2.927705e+01,   4.082232e+01
  2.263610e+05,   9.393333e+00,   3.214903e+03,   4.355984e+02,   8.305354e-03,   2.951131e+01,   4.110868e+01
  2.290807e+05,   9.416667e+00,   3.263404e+03,   4.425983e+02,   8.332573e-03,   2.974755e+01,   4.139746e+01
  2.318503e+05,   9.440000e+00,   3.312681e+03,   4.497141e+02,   8.360296e-03,   2.998581e+01,   4.168866e+01
  2.346711e+05,   9.463333e+00,   3.362754e+03,   4.569489e+02,   8.388537e-03,   3.022612e+01,   4.198236e+01
  2.375443e+05,   9.486667e+00,   3.413643e+03,   4.643054e+02,   8.417306e-03,   3.046853e+01,   4.227861e+01
  2.404833e+05,   9.510000e+00,   3.465687e+03,   4.718302e+02,   8.446534e-03,   3.071451e+01,   4.257944e+01
  2.436146e+05,   9.533333e+00,   3.522233e+03,   4.799795e+02,   8.475436e-03,   3.097869e+01,   4.290512e+01
  2.468035e+05,   9.556667e+00,   3.579763e+03,   4.882754e+02,   8.504914e-03,   3.124534e+01,   4.323378e+01
  2.500510e+05,   9.580000e+00,   3.638297e+03,   4.967206e+02,   8.534977e-03,   3.151447e+01,   4.356545e+01
  2.533589e+05,   9.603333e+00,   3.697860e+03,   5.053192e+02,   8.565643e-03,   3.178614e+01,   4.390023e+01
  2.567288e+05,   9.626667e+00,   3.758481e+03,   5.140752e+02,   8.596925e-03,   3.206042e+01,   4.423818e+01
  2.601617e+05,   9.650000e+00,   3.820180e+03,   5.229916e+02,   8.628836e-03,   3.233734e+01,   4.457934e+01
  2.636596e+05,   9.673333e+00,   3.882986e+03,   5.320729e+02,   8.661394e-03,   3.261696e+01,   4.492379e+01
  2.672242e+05,   9.696667e+00,   3.946929e+03,   5.413235e+02,   8.694615e-03,   3.289935e+01,   4.527162e+01
  2.708569e+05,   9.720000e+00,   4.012032e+03,   5.507467e+02,   8.728513e-03,   3.318454e+01,   4.562288e+01
  2.745041e+05,   9.743333e+00,   4.080803e+03,   5.606875e+02,   8.761845e-03,   3.348276e+01,   4.599160e+01
  2.782054e+05,   9.766667e+00,   4.152106e+03,   5.709909e+02,   8.795337e-03,   3.378908e+01,   4.637097e+01
  2.819898e+05,   9.790000e+00,   4.224865e+03,   5.815095e+02,   8.829592e-03,   3.409897e+01,   4.675475e+01
  2.858600e+05,   9.813333e+00,   4.299124e+03,   5.922501e+02,   8.864636e-03,   3.441251e+01,   4.714305e+01
  2.898186e+05,   9.836667e+00,   4.374930e+03,   6.032195e+02,   8.900491e-03,   3.472981e+01,   4.753602e+01
  2.938678e+05,   9.860000e+00,   4.452322e+03,   6.144236e+02,   8.937180e-03,   3.505093e+01,   4.793372e+01
  2.980107e+05,   9.883333e+00,   4.531352e+03,   6.258697e+02,   8.974727e-03,   3.537598e+01,   4.833630e+01
  3.022502e+05,   9.906667e+00,   4.612071e+03,   6.375657e+02,   9.013160e-03,   3.570507e+01,   4.874389e+01
  3.065889e+05,   9.930000e+00,   4.694523e+03,   6.495180e+02,   9.052504e-03,   3.603826e+01,   4.915659e+01
  3.103882e+05,   9.953333e+00,   4.773047e+03,   6.609434e+02,   9.086166e-03,   3.635392e+01,   4.954486e+01
  3.139862e+05,   9.976667e+00,   4.850812e+03,   6.722794e+02,   9.117632e-03,   3.666441e+01,   4.992566e+01
  3.176950e+05,   1.000000e+01,   4.930662e+03,   6.839203e+02,   9.150120e-03,   3.698055e+01,   5.031367e+01
  3.527153e+05,   1.020000e+01,   5.687217e+03,   7.944144e+02,   9.457049e-03,   3.985661e+01,   5.384601e+01
  3.825746e+05,   1.040000e+01,   6.424975e+03,   9.035062e+02,   9.707759e-03,   4.250568e+01,   5.703988e+01
  4.169412e+05,   1.060000e+01,   7.322742e+03,   1.036377e+03,   9.998533e-03,   4.552443e+01,   6.069924e+01
  4.570507e+05,   1.080000e+01,   8.433913e+03,   1.200985e+03,   1.034262e-02,   4.900705e+01,   6.494186e+01
  5.037136e+05,   1.100000e+01,   9.854999e+03,   1.411619e+03,   1.075816e-02,   5.313152e+01,   6.999362e+01
  5.544597e+05,   1.120000e+01,   1.159197e+04,   1.669806e+03,   1.121212e-02,   5.778696e+01,   7.569753e+01
