  Hugoniot 
  Temperature,    Density,        Pressure,       Int. Energy,    Sp. Entropy,    Part. Vel.,     Shock Vel. 
  K,              g/cm3,          GPa,            MJ/kg,          MJ/K/kg,        km/s,           km/s
  2.980000e+02,   2.200000e+00,   1.000000e-04,   0.000000e+00,   0.000000e+00,   0.000000e+00,   3.674659e+00
  2.980000e+02,   2.651250e+00,   1.690796e-02,   1.396605e-01,   7.163117e-04,   3.606031e-02,   2.118668e-01
  2.980000e+02,   2.655000e+00,   6.735876e-02,   1.394448e-01,   7.155127e-04,   7.238299e-02,   4.223667e-01
  2.980000e+02,   2.658750e+00,   1.180478e-01,   1.392566e-01,   7.147161e-04,   9.617958e-02,   5.574223e-01
  2.980000e+02,   2.662500e+00,   1.689754e-01,   1.390960e-01,   7.139221e-04,   1.154737e-01,   6.647538e-01
  2.980000e+02,   2.666250e+00,   2.201419e-01,   1.389629e-01,   7.131305e-04,   1.322514e-01,   7.562795e-01
  2.980000e+02,   2.670000e+00,   2.715621e-01,   1.388572e-01,   7.123414e-04,   1.473793e-01,   8.372399e-01
  2.980000e+02,   2.673750e+00,   3.232550e-01,   1.387790e-01,   7.115547e-04,   1.613275e-01,   9.104999e-01
  2.980000e+02,   2.677500e+00,   3.752226e-01,   1.387282e-01,   7.107704e-04,   1.743802e-01,   9.778074e-01
  2.980000e+02,   2.681250e+00,   4.274667e-01,   1.387049e-01,   7.099886e-04,   1.867264e-01,   1.040333e+00
  2.980000e+02,   2.685000e+00,   4.799894e-01,   1.387089e-01,   7.092091e-04,   1.984988e-01,   1.098906e+00
  2.980000e+02,   2.688750e+00,   5.327923e-01,   1.387404e-01,   7.084321e-04,   2.097950e-01,   1.154141e+00
  2.980000e+02,   2.692500e+00,   5.858775e-01,   1.387992e-01,   7.076574e-04,   2.206888e-01,   1.206507e+00
  2.980000e+02,   2.696250e+00,   6.392468e-01,   1.388855e-01,   7.068851e-04,   2.312380e-01,   1.256374e+00
  2.980000e+02,   2.700000e+00,   6.929021e-01,   1.389991e-01,   7.061151e-04,   2.414885e-01,   1.304038e+00
  2.980000e+02,   2.703750e+00,   7.468451e-01,   1.391401e-01,   7.053475e-04,   2.514775e-01,   1.349742e+00
  2.980000e+02,   2.707500e+00,   8.010779e-01,   1.393085e-01,   7.045822e-04,   2.612358e-01,   1.393687e+00
  2.980000e+02,   2.711250e+00,   8.556021e-01,   1.395043e-01,   7.038192e-04,   2.707890e-01,   1.436043e+00
  2.980000e+02,   2.715000e+00,   9.104197e-01,   1.397274e-01,   7.030584e-04,   2.801588e-01,   1.476954e+00
  2.980000e+02,   2.718750e+00,   9.655324e-01,   1.399779e-01,   7.023000e-04,   2.893637e-01,   1.516545e+00
  2.980000e+02,   2.722500e+00,   1.020942e+00,   1.402558e-01,   7.015438e-04,   2.984195e-01,   1.554923e+00
  2.980000e+02,   2.726250e+00,   1.076651e+00,   1.405610e-01,   7.007899e-04,   3.073400e-01,   1.592182e+00
  2.980000e+02,   2.730000e+00,   1.132660e+00,   1.408936e-01,   7.000383e-04,   3.161374e-01,   1.628406e+00
  2.980000e+02,   2.733750e+00,   1.188971e+00,   1.412535e-01,   6.992888e-04,   3.248221e-01,   1.663668e+00
  2.980000e+02,   2.737500e+00,   1.245587e+00,   1.416408e-01,   6.985416e-04,   3.334037e-01,   1.698033e+00
  2.980000e+02,   2.741250e+00,   1.302509e+00,   1.420554e-01,   6.977966e-04,   3.418904e-01,   1.731561e+00
  2.980000e+02,   2.745000e+00,   1.359738e+00,   1.424974e-01,   6.970537e-04,   3.502897e-01,   1.764303e+00
  2.980000e+02,   2.748750e+00,   1.417277e+00,   1.429667e-01,   6.963131e-04,   3.586083e-01,   1.796309e+00
  2.980000e+02,   2.752500e+00,   1.475128e+00,   1.434635e-01,   6.955746e-04,   3.668523e-01,   1.827621e+00
  2.980000e+02,   2.756250e+00,   1.533291e+00,   1.439875e-01,   6.948383e-04,   3.750270e-01,   1.858280e+00
  2.980000e+02,   2.760000e+00,   1.591769e+00,   1.445390e-01,   6.941041e-04,   3.831374e-01,   1.888320e+00
  2.980000e+02,   2.763750e+00,   1.650564e+00,   1.451178e-01,   6.933721e-04,   3.911880e-01,   1.917775e+00
  2.980000e+02,   2.767500e+00,   1.709677e+00,   1.457240e-01,   6.926421e-04,   3.991830e-01,   1.946677e+00
  2.980000e+02,   2.771250e+00,   1.769110e+00,   1.463576e-01,   6.919143e-04,   4.071262e-01,   1.975052e+00
  2.980000e+02,   2.775000e+00,   1.828865e+00,   1.470185e-01,   6.911886e-04,   4.150209e-01,   2.002927e+00
  2.980000e+02,   2.778750e+00,   1.888943e+00,   1.477069e-01,   6.904650e-04,   4.228705e-01,   2.030326e+00
  2.980000e+02,   2.782500e+00,   1.949346e+00,   1.484226e-01,   6.897434e-04,   4.306777e-01,   2.057272e+00
  2.980000e+02,   2.786250e+00,   2.010077e+00,   1.491658e-01,   6.890239e-04,   4.384454e-01,   2.083784e+00
  2.980000e+02,   2.790000e+00,   2.071136e+00,   1.499364e-01,   6.883065e-04,   4.461762e-01,   2.109884e+00
  2.980000e+02,   2.793750e+00,   2.132525e+00,   1.507344e-01,   6.875911e-04,   4.538722e-01,   2.135588e+00
  2.980000e+02,   2.797500e+00,   2.194246e+00,   1.515598e-01,   6.868777e-04,   4.615357e-01,   2.160914e+00
  2.980000e+02,   2.801250e+00,   2.256301e+00,   1.524127e-01,   6.861664e-04,   4.691688e-01,   2.185878e+00
  2.980000e+02,   2.805000e+00,   2.318691e+00,   1.532930e-01,   6.854570e-04,   4.767734e-01,   2.210495e+00
  2.980000e+02,   2.808750e+00,   2.381418e+00,   1.542007e-01,   6.847497e-04,   4.843512e-01,   2.234778e+00
  2.980000e+02,   2.812500e+00,   2.444484e+00,   1.551359e-01,   6.840443e-04,   4.919038e-01,   2.258742e+00
  2.980000e+02,   2.816250e+00,   2.507890e+00,   1.560987e-01,   6.833409e-04,   4.994329e-01,   2.282398e+00
  2.980000e+02,   2.820000e+00,   2.571639e+00,   1.570888e-01,   6.826395e-04,   5.069399e-01,   2.305759e+00
  2.980000e+02,   2.823750e+00,   2.635730e+00,   1.581065e-01,   6.819400e-04,   5.144262e-01,   2.328835e+00
  2.980000e+02,   2.827500e+00,   2.700167e+00,   1.591517e-01,   6.812425e-04,   5.218930e-01,   2.351638e+00
  2.980000e+02,   2.831250e+00,   2.764951e+00,   1.602245e-01,   6.805469e-04,   5.293417e-01,   2.374176e+00
  2.980000e+02,   2.835000e+00,   2.830084e+00,   1.613247e-01,   6.798532e-04,   5.367733e-01,   2.396461e+00
  2.980000e+02,   2.838750e+00,   2.895566e+00,   1.624525e-01,   6.791615e-04,   5.441890e-01,   2.418500e+00
  2.980000e+02,   2.842500e+00,   2.961400e+00,   1.636079e-01,   6.784716e-04,   5.515898e-01,   2.440302e+00
  2.980000e+02,   2.846250e+00,   3.027588e+00,   1.647908e-01,   6.777836e-04,   5.589766e-01,   2.461876e+00
  2.980000e+02,   2.850000e+00,   3.094130e+00,   1.660014e-01,   6.770976e-04,   5.663504e-01,   2.483229e+00
  2.980000e+02,   2.853750e+00,   3.161029e+00,   1.672395e-01,   6.764134e-04,   5.737120e-01,   2.504368e+00
  2.983846e+02,   2.857500e+00,   3.228858e+00,   1.688570e-01,   6.769102e-04,   5.811137e-01,   2.525525e+00
  3.019436e+02,   2.861250e+00,   3.301796e+00,   1.734286e-01,   6.870418e-04,   5.889279e-01,   2.548310e+00
  3.055299e+02,   2.865000e+00,   3.375140e+00,   1.780529e-01,   6.972425e-04,   5.967283e-01,   2.570867e+00
  3.091386e+02,   2.868750e+00,   3.448890e+00,   1.827302e-01,   7.074770e-04,   6.045157e-01,   2.593203e+00
  3.127338e+02,   2.872500e+00,   3.523048e+00,   1.874608e-01,   7.174989e-04,   6.122910e-01,   2.615325e+00
  3.163588e+02,   2.876250e+00,   3.597617e+00,   1.922450e-01,   7.276051e-04,   6.200553e-01,   2.637241e+00
  3.199952e+02,   2.880000e+00,   3.672599e+00,   1.970829e-01,   7.376620e-04,   6.278092e-01,   2.658957e+00
  3.236334e+02,   2.883750e+00,   3.747995e+00,   2.019750e-01,   7.476023e-04,   6.355537e-01,   2.680479e+00
  3.273019e+02,   2.887500e+00,   3.823808e+00,   2.069214e-01,   7.576267e-04,   6.432894e-01,   2.701815e+00
  3.309710e+02,   2.891250e+00,   3.900040e+00,   2.119225e-01,   7.675163e-04,   6.510170e-01,   2.722970e+00
  3.346567e+02,   2.895000e+00,   3.976692e+00,   2.169784e-01,   7.773866e-04,   6.587373e-01,   2.743949e+00
  3.383730e+02,   2.898750e+00,   4.053767e+00,   2.220894e-01,   7.873409e-04,   6.664510e-01,   2.764758e+00
  3.420797e+02,   2.902500e+00,   4.131267e+00,   2.272559e-01,   7.970721e-04,   6.741586e-01,   2.785403e+00
  3.458168e+02,   2.906250e+00,   4.209193e+00,   2.324781e-01,   8.068831e-04,   6.818607e-01,   2.805887e+00
  3.495725e+02,   2.910000e+00,   4.287549e+00,   2.377562e-01,   8.166796e-04,   6.895580e-01,   2.826217e+00
  3.533336e+02,   2.913750e+00,   4.366334e+00,   2.430906e-01,   8.263582e-04,   6.972509e-01,   2.846396e+00
  3.571260e+02,   2.917500e+00,   4.445553e+00,   2.484814e-01,   8.361197e-04,   7.049401e-01,   2.866429e+00
  3.609250e+02,   2.921250e+00,   4.525206e+00,   2.539291e-01,   8.457629e-04,   7.126259e-01,   2.886320e+00
  3.647446e+02,   2.925000e+00,   4.605296e+00,   2.594337e-01,   8.554011e-04,   7.203089e-01,   2.906074e+00
  3.685926e+02,   2.928750e+00,   4.685825e+00,   2.649957e-01,   8.650943e-04,   7.279896e-01,   2.925694e+00
  3.724422e+02,   2.932500e+00,   4.766793e+00,   2.706153e-01,   8.746185e-04,   7.356684e-01,   2.945184e+00
  3.763237e+02,   2.936250e+00,   4.848205e+00,   2.762928e-01,   8.842246e-04,   7.433457e-01,   2.964548e+00
  3.802205e+02,   2.940000e+00,   4.930061e+00,   2.820284e-01,   8.937691e-04,   7.510219e-01,   2.983790e+00
  3.841348e+02,   2.943750e+00,   5.012364e+00,   2.878224e-01,   9.032691e-04,   7.586975e-01,   3.002912e+00
  3.880814e+02,   2.947500e+00,   5.095115e+00,   2.936752e-01,   9.128507e-04,   7.663728e-01,   3.021918e+00
  3.920309e+02,   2.951250e+00,   5.178316e+00,   2.995869e-01,   9.222525e-04,   7.740482e-01,   3.040812e+00
  3.960130e+02,   2.955000e+00,   5.261970e+00,   3.055578e-01,   9.317353e-04,   7.817240e-01,   3.059595e+00
  4.000139e+02,   2.958750e+00,   5.346078e+00,   3.115883e-01,   9.411727e-04,   7.894006e-01,   3.078272e+00
  4.040337e+02,   2.962500e+00,   5.430642e+00,   3.176786e-01,   9.505641e-04,   7.970783e-01,   3.096845e+00
  4.080857e+02,   2.966250e+00,   5.515665e+00,   3.238291e-01,   9.600280e-04,   8.047575e-01,   3.115317e+00
  4.121454e+02,   2.970000e+00,   5.601147e+00,   3.300398e-01,   9.693349e-04,   8.124384e-01,   3.133691e+00
  4.162385e+02,   2.973750e+00,   5.687092e+00,   3.363113e-01,   9.787221e-04,   8.201213e-01,   3.151969e+00
  4.203501e+02,   2.977500e+00,   5.773501e+00,   3.426437e-01,   9.880462e-04,   8.278065e-01,   3.170153e+00
  4.244853e+02,   2.981250e+00,   5.860375e+00,   3.490373e-01,   9.973547e-04,   8.354943e-01,   3.188246e+00
  4.286496e+02,   2.985000e+00,   5.947718e+00,   3.554924e-01,   1.006697e-03,   8.431850e-01,   3.206251e+00
  4.328290e+02,   2.988750e+00,   6.035529e+00,   3.620093e-01,   1.015933e-03,   8.508787e-01,   3.224169e+00
  4.370425e+02,   2.992500e+00,   6.123814e+00,   3.685883e-01,   1.025248e-03,   8.585758e-01,   3.242004e+00
  4.412716e+02,   2.996250e+00,   6.212571e+00,   3.752296e-01,   1.034455e-03,   8.662765e-01,   3.259756e+00
  4.455314e+02,   3.000000e+00,   6.301803e+00,   3.819335e-01,   1.043703e-03,   8.739810e-01,   3.277429e+00
  4.726072e+02,   3.023333e+00,   6.867822e+00,   4.250717e-01,   1.100783e-03,   9.220188e-01,   3.385714e+00
  5.007408e+02,   3.046667e+00,   7.452806e+00,   4.707178e-01,   1.157340e-03,   9.702630e-01,   3.491418e+00
  5.299982e+02,   3.070000e+00,   8.057156e+00,   5.189379e-01,   1.213399e-03,   1.018749e+00,   3.594897e+00
  5.604492e+02,   3.093333e+00,   8.681347e+00,   5.698048e-01,   1.269002e-03,   1.067513e+00,   3.696463e+00
  5.921638e+02,   3.116667e+00,   9.325849e+00,   6.233925e-01,   1.324197e-03,   1.116583e+00,   3.796382e+00
  6.252077e+02,   3.140000e+00,   9.991051e+00,   6.797685e-01,   1.379028e-03,   1.165980e+00,   3.894870e+00
  6.596448e+02,   3.163333e+00,   1.067741e+01,   7.390078e-01,   1.433461e-03,   1.215725e+00,   3.992123e+00
  6.955471e+02,   3.186667e+00,   1.138541e+01,   8.011866e-01,   1.487583e-03,   1.265838e+00,   4.088313e+00
  7.329732e+02,   3.210000e+00,   1.211540e+01,   8.663731e-01,   1.541327e-03,   1.316327e+00,   4.183575e+00
  7.719935e+02,   3.233333e+00,   1.286785e+01,   9.346446e-01,   1.594754e-03,   1.367209e+00,   4.278042e+00
  8.126752e+02,   3.256667e+00,   1.364322e+01,   1.006079e+00,   1.647862e-03,   1.418495e+00,   4.371828e+00
  8.550812e+02,   3.280000e+00,   1.444186e+01,   1.080745e+00,   1.700652e-03,   1.470191e+00,   4.465024e+00
  8.992777e+02,   3.303333e+00,   1.526423e+01,   1.158722e+00,   1.753084e-03,   1.522306e+00,   4.557720e+00
  9.453363e+02,   3.326667e+00,   1.611080e+01,   1.240090e+00,   1.805219e-03,   1.574849e+00,   4.649997e+00
  9.933183e+02,   3.350000e+00,   1.698189e+01,   1.324918e+00,   1.857009e-03,   1.627822e+00,   4.741916e+00
  1.043294e+03,   3.373333e+00,   1.787797e+01,   1.413286e+00,   1.908466e-03,   1.681232e+00,   4.833542e+00
  1.095332e+03,   3.396667e+00,   1.879949e+01,   1.505276e+00,   1.959578e-03,   1.735085e+00,   4.924934e+00
  1.149499e+03,   3.420000e+00,   1.974679e+01,   1.600958e+00,   2.010347e-03,   1.789381e+00,   5.016132e+00
  1.205864e+03,   3.443333e+00,   2.072032e+01,   1.700413e+00,   2.060772e-03,   1.844124e+00,   5.107186e+00
  1.264500e+03,   3.466667e+00,   2.172054e+01,   1.803724e+00,   2.110846e-03,   1.899320e+00,   5.198138e+00
  1.325472e+03,   3.490000e+00,   2.274776e+01,   1.910963e+00,   2.160557e-03,   1.954966e+00,   5.289016e+00
  1.342673e+03,   3.513333e+00,   2.318165e+01,   1.969469e+00,   2.171501e-03,   1.984667e+00,   5.309237e+00
  1.325898e+03,   3.536667e+00,   2.315601e+01,   1.989033e+00,   2.153550e-03,   1.994500e+00,   5.277218e+00
  1.309296e+03,   3.560000e+00,   2.313056e+01,   2.008280e+00,   2.135607e-03,   2.004127e+00,   5.246097e+00
  1.292861e+03,   3.583333e+00,   2.310529e+01,   2.027217e+00,   2.117666e-03,   2.013554e+00,   5.215833e+00
  1.276588e+03,   3.606667e+00,   2.308019e+01,   2.045851e+00,   2.099710e-03,   2.022787e+00,   5.186386e+00
  1.260476e+03,   3.630000e+00,   2.305525e+01,   2.064185e+00,   2.081758e-03,   2.031830e+00,   5.157722e+00
  1.244519e+03,   3.653333e+00,   2.303046e+01,   2.082225e+00,   2.063791e-03,   2.040690e+00,   5.129808e+00
  1.228714e+03,   3.676667e+00,   2.300581e+01,   2.099979e+00,   2.045809e-03,   2.049371e+00,   5.102610e+00
  1.213059e+03,   3.700000e+00,   2.298129e+01,   2.117450e+00,   2.027823e-03,   2.057878e+00,   5.076099e+00
  1.197548e+03,   3.723333e+00,   2.295688e+01,   2.134642e+00,   2.009802e-03,   2.066216e+00,   5.050248e+00
  1.182179e+03,   3.746667e+00,   2.293259e+01,   2.151563e+00,   1.991775e-03,   2.074389e+00,   5.025027e+00
  1.166948e+03,   3.770000e+00,   2.290840e+01,   2.168214e+00,   1.973709e-03,   2.082400e+00,   5.000413e+00
  1.151852e+03,   3.793333e+00,   2.288430e+01,   2.184602e+00,   1.955628e-03,   2.090255e+00,   4.976382e+00
  1.136886e+03,   3.816667e+00,   2.286028e+01,   2.200732e+00,   1.937504e-03,   2.097957e+00,   4.952909e+00
  1.122050e+03,   3.840000e+00,   2.283635e+01,   2.216606e+00,   1.919357e-03,   2.105510e+00,   4.929975e+00
  1.107338e+03,   3.863333e+00,   2.281248e+01,   2.232229e+00,   1.901162e-03,   2.112917e+00,   4.907558e+00
  1.092747e+03,   3.886667e+00,   2.278867e+01,   2.247606e+00,   1.882938e-03,   2.120182e+00,   4.885637e+00
  1.078274e+03,   3.910000e+00,   2.276491e+01,   2.262739e+00,   1.864654e-03,   2.127308e+00,   4.864195e+00
  1.063917e+03,   3.933333e+00,   2.274120e+01,   2.277634e+00,   1.846341e-03,   2.134298e+00,   4.843215e+00
  1.049671e+03,   3.956667e+00,   2.271753e+01,   2.292294e+00,   1.827955e-03,   2.141156e+00,   4.822678e+00
  1.035535e+03,   3.980000e+00,   2.269389e+01,   2.306721e+00,   1.809529e-03,   2.147883e+00,   4.802570e+00
  1.021504e+03,   4.003333e+00,   2.267027e+01,   2.320920e+00,   1.791037e-03,   2.154483e+00,   4.782874e+00
  1.007576e+03,   4.026667e+00,   2.264667e+01,   2.334894e+00,   1.772479e-03,   2.160960e+00,   4.763575e+00
  9.937480e+02,   4.050000e+00,   2.262308e+01,   2.348647e+00,   1.753869e-03,   2.167314e+00,   4.744661e+00
  9.800159e+02,   4.073333e+00,   2.259950e+01,   2.362180e+00,   1.735164e-03,   2.173550e+00,   4.726118e+00
  9.663777e+02,   4.096667e+00,   2.257591e+01,   2.375499e+00,   1.716399e-03,   2.179669e+00,   4.707931e+00
  9.528307e+02,   4.120000e+00,   2.255231e+01,   2.388605e+00,   1.697552e-03,   2.185673e+00,   4.690090e+00
  9.393710e+02,   4.143333e+00,   2.252870e+01,   2.401501e+00,   1.678609e-03,   2.191565e+00,   4.672583e+00
  9.259963e+02,   4.166667e+00,   2.250507e+01,   2.414191e+00,   1.659592e-03,   2.197348e+00,   4.655398e+00
  9.127035e+02,   4.190000e+00,   2.248141e+01,   2.426676e+00,   1.640471e-03,   2.203023e+00,   4.638525e+00
  8.994893e+02,   4.213333e+00,   2.245772e+01,   2.438960e+00,   1.621245e-03,   2.208592e+00,   4.621954e+00
  8.863514e+02,   4.236667e+00,   2.243399e+01,   2.451046e+00,   1.601928e-03,   2.214057e+00,   4.605673e+00
  8.732866e+02,   4.260000e+00,   2.241021e+01,   2.462935e+00,   1.582493e-03,   2.219420e+00,   4.589674e+00
  8.602913e+02,   4.283333e+00,   2.238639e+01,   2.474629e+00,   1.562933e-03,   2.224683e+00,   4.573949e+00
  9.054008e+02,   4.306667e+00,   2.294498e+01,   2.550888e+00,   1.617093e-03,   2.258701e+00,   4.617472e+00
  1.098522e+03,   4.330000e+00,   2.500078e+01,   2.795081e+00,   1.831509e-03,   2.364343e+00,   4.806387e+00
  1.297134e+03,   4.353333e+00,   2.712106e+01,   3.048912e+00,   2.016914e-03,   2.469368e+00,   4.992253e+00
  1.502040e+03,   4.376667e+00,   2.930639e+01,   3.312529e+00,   2.180883e-03,   2.573910e+00,   5.175411e+00
  1.713720e+03,   4.400000e+00,   3.155706e+01,   3.586040e+00,   2.328280e-03,   2.678066e+00,   5.356131e+00
  1.932529e+03,   4.423333e+00,   3.387359e+01,   3.869588e+00,   2.462463e-03,   2.781929e+00,   5.534663e+00
  2.158744e+03,   4.446667e+00,   3.625653e+01,   4.163311e+00,   2.585842e-03,   2.885581e+00,   5.711223e+00
  2.392556e+03,   4.470000e+00,   3.870610e+01,   4.467311e+00,   2.700192e-03,   2.989076e+00,   5.885978e+00
  2.634147e+03,   4.493333e+00,   4.122278e+01,   4.781721e+00,   2.806909e-03,   3.092474e+00,   6.059092e+00
  2.883661e+03,   4.516667e+00,   4.380706e+01,   5.106672e+00,   2.907051e-03,   3.195825e+00,   6.230709e+00
  3.141173e+03,   4.540000e+00,   4.645902e+01,   5.442248e+00,   3.001462e-03,   3.299159e+00,   6.400932e+00
  3.406752e+03,   4.563333e+00,   4.917904e+01,   5.788566e+00,   3.090845e-03,   3.402512e+00,   6.569871e+00
  3.680419e+03,   4.586667e+00,   5.196743e+01,   6.145738e+00,   3.175779e-03,   3.505913e+00,   6.737621e+00
  3.962133e+03,   4.610000e+00,   5.482412e+01,   6.513822e+00,   3.256717e-03,   3.609376e+00,   6.904243e+00
  4.251846e+03,   4.633333e+00,   5.774935e+01,   6.892920e+00,   3.334084e-03,   3.712922e+00,   7.069811e+00
  4.549488e+03,   4.656667e+00,   6.074336e+01,   7.283128e+00,   3.408221e-03,   3.816570e+00,   7.234394e+00
  4.854939e+03,   4.680000e+00,   6.380602e+01,   7.684498e+00,   3.479420e-03,   3.920325e+00,   7.398033e+00
  5.168108e+03,   4.703333e+00,   6.693760e+01,   8.097129e+00,   3.547937e-03,   4.024203e+00,   7.560786e+00
  5.488919e+03,   4.726667e+00,   7.013846e+01,   8.521130e+00,   3.614007e-03,   4.128221e+00,   7.722714e+00
  5.817265e+03,   4.750000e+00,   7.340860e+01,   8.956564e+00,   3.677822e-03,   4.232385e+00,   7.883854e+00
  6.153106e+03,   4.773333e+00,   7.674851e+01,   9.403556e+00,   3.739562e-03,   4.336711e+00,   8.044262e+00
  6.496427e+03,   4.796667e+00,   8.015878e+01,   9.862242e+00,   3.799388e-03,   4.441220e+00,   8.203999e+00
  6.847200e+03,   4.820000e+00,   8.363963e+01,   1.033271e+01,   3.857435e-03,   4.545918e+00,   8.363101e+00
  7.205468e+03,   4.843333e+00,   8.719182e+01,   1.081511e+01,   3.913831e-03,   4.650826e+00,   8.521627e+00
  7.571301e+03,   4.866667e+00,   9.081617e+01,   1.130962e+01,   3.968691e-03,   4.755964e+00,   8.679635e+00
  7.944746e+03,   4.890000e+00,   9.451310e+01,   1.181635e+01,   4.022110e-03,   4.861342e+00,   8.837160e+00
  8.325917e+03,   4.913333e+00,   9.828355e+01,   1.233546e+01,   4.074181e-03,   4.966979e+00,   8.994259e+00
  8.714943e+03,   4.936667e+00,   1.021285e+02,   1.286716e+01,   4.124988e-03,   5.072896e+00,   9.150985e+00
  9.111916e+03,   4.960000e+00,   1.060485e+02,   1.341157e+01,   4.174601e-03,   5.179101e+00,   9.307370e+00
  9.516983e+03,   4.983333e+00,   1.100445e+02,   1.396887e+01,   4.223087e-03,   5.285612e+00,   9.463461e+00
  9.930294e+03,   5.006667e+00,   1.141176e+02,   1.453927e+01,   4.270508e-03,   5.392447e+00,   9.619306e+00
  1.035194e+04,   5.030000e+00,   1.182684e+02,   1.512289e+01,   4.316901e-03,   5.499612e+00,   9.774928e+00
  1.078209e+04,   5.053333e+00,   1.224978e+02,   1.571993e+01,   4.362351e-03,   5.607121e+00,   9.930369e+00
  1.122086e+04,   5.076667e+00,   1.268070e+02,   1.633059e+01,   4.406879e-03,   5.714991e+00,   1.008567e+01
  1.166834e+04,   5.100000e+00,   1.311964e+02,   1.695498e+01,   4.450526e-03,   5.823222e+00,   1.024084e+01
  1.212465e+04,   5.123333e+00,   1.356670e+02,   1.759331e+01,   4.493338e-03,   5.931827e+00,   1.039592e+01
  1.258990e+04,   5.146667e+00,   1.402198e+02,   1.824577e+01,   4.535350e-03,   6.040818e+00,   1.055093e+01
  1.306412e+04,   5.170000e+00,   1.448553e+02,   1.891246e+01,   4.576578e-03,   6.150192e+00,   1.070589e+01
  1.354741e+04,   5.193333e+00,   1.495744e+02,   1.959357e+01,   4.617069e-03,   6.259960e+00,   1.086082e+01
  1.403984e+04,   5.216667e+00,   1.543780e+02,   2.028931e+01,   4.656847e-03,   6.370130e+00,   1.101575e+01
  1.454141e+04,   5.240000e+00,   1.592665e+02,   2.099975e+01,   4.695935e-03,   6.480699e+00,   1.117068e+01
  1.505215e+04,   5.263333e+00,   1.642407e+02,   2.172510e+01,   4.734357e-03,   6.591672e+00,   1.132563e+01
  1.557212e+04,   5.286667e+00,   1.693016e+02,   2.246552e+01,   4.772141e-03,   6.703059e+00,   1.148062e+01
  1.610127e+04,   5.310000e+00,   1.744495e+02,   2.322112e+01,   4.809306e-03,   6.814850e+00,   1.163564e+01
  1.663960e+04,   5.333333e+00,   1.796851e+02,   2.399206e+01,   4.845862e-03,   6.927053e+00,   1.179073e+01
  1.718715e+04,   5.356667e+00,   1.850095e+02,   2.477854e+01,   4.881847e-03,   7.039675e+00,   1.194589e+01
  1.774382e+04,   5.380000e+00,   1.904227e+02,   2.558062e+01,   4.917264e-03,   7.152705e+00,   1.210112e+01
  1.830963e+04,   5.403333e+00,   1.959257e+02,   2.639850e+01,   4.952144e-03,   7.266150e+00,   1.225643e+01
  1.888455e+04,   5.426667e+00,   2.015193e+02,   2.723235e+01,   4.986495e-03,   7.380017e+00,   1.241185e+01
  1.946850e+04,   5.450000e+00,   2.072037e+02,   2.808225e+01,   5.020335e-03,   7.494295e+00,   1.256736e+01
  2.006082e+04,   5.473333e+00,   2.129795e+02,   2.894834e+01,   5.053444e-03,   7.608983e+00,   1.272296e+01
  2.065792e+04,   5.496667e+00,   2.188451e+02,   2.983046e+01,   5.084582e-03,   7.724045e+00,   1.287861e+01
  2.126696e+04,   5.520000e+00,   2.248055e+02,   3.072936e+01,   5.116384e-03,   7.839557e+00,   1.303444e+01
  2.188813e+04,   5.543333e+00,   2.308620e+02,   3.164525e+01,   5.148863e-03,   7.955530e+00,   1.319047e+01
  2.252162e+04,   5.566667e+00,   2.370157e+02,   3.257838e+01,   5.182027e-03,   8.071971e+00,   1.334672e+01
  2.315497e+04,   5.590000e+00,   2.432584e+02,   3.352766e+01,   5.212068e-03,   8.188728e+00,   1.350295e+01
  2.379764e+04,   5.613333e+00,   2.495977e+02,   3.449418e+01,   5.241802e-03,   8.305920e+00,   1.365935e+01
  2.445285e+04,   5.636667e+00,   2.560367e+02,   3.547847e+01,   5.272155e-03,   8.423591e+00,   1.381600e+01
  2.512070e+04,   5.660000e+00,   2.625761e+02,   3.648064e+01,   5.303133e-03,   8.541734e+00,   1.397289e+01
  2.579711e+04,   5.683333e+00,   2.692144e+02,   3.750056e+01,   5.333720e-03,   8.660315e+00,   1.412999e+01
  2.647192e+04,   5.706667e+00,   2.759463e+02,   3.853754e+01,   5.361449e-03,   8.779238e+00,   1.428712e+01
  2.715957e+04,   5.730000e+00,   2.827811e+02,   3.959296e+01,   5.389743e-03,   8.898644e+00,   1.444454e+01
  2.786025e+04,   5.753333e+00,   2.897203e+02,   4.066707e+01,   5.418610e-03,   9.018541e+00,   1.460225e+01
  2.857418e+04,   5.776667e+00,   2.967654e+02,   4.176013e+01,   5.448057e-03,   9.138939e+00,   1.476028e+01
  2.929378e+04,   5.800000e+00,   3.039132e+02,   4.287178e+01,   5.476571e-03,   9.259779e+00,   1.491853e+01
  3.001304e+04,   5.823333e+00,   3.111622e+02,   4.400185e+01,   5.502926e-03,   9.381026e+00,   1.507696e+01
  3.074572e+04,   5.846667e+00,   3.185201e+02,   4.515149e+01,   5.529807e-03,   9.502785e+00,   1.523573e+01
  3.149194e+04,   5.870000e+00,   3.259873e+02,   4.632081e+01,   5.557217e-03,   9.625048e+00,   1.539483e+01
  3.225192e+04,   5.893333e+00,   3.335654e+02,   4.751010e+01,   5.585166e-03,   9.747827e+00,   1.555430e+01
  3.302163e+04,   5.916667e+00,   3.412554e+02,   4.871958e+01,   5.612929e-03,   9.871124e+00,   1.571412e+01
  3.378658e+04,   5.940000e+00,   3.490564e+02,   4.994916e+01,   5.637991e-03,   9.994912e+00,   1.587427e+01
  3.456549e+04,   5.963333e+00,   3.569717e+02,   5.119939e+01,   5.663540e-03,   1.011923e+01,   1.603481e+01
  3.535857e+04,   5.986667e+00,   3.650029e+02,   5.247058e+01,   5.689585e-03,   1.024408e+01,   1.619574e+01
  3.616596e+04,   6.010000e+00,   3.731507e+02,   5.376285e+01,   5.716130e-03,   1.036946e+01,   1.635707e+01
  3.698789e+04,   6.033333e+00,   3.814168e+02,   5.507652e+01,   5.743183e-03,   1.049538e+01,   1.651881e+01
  3.780825e+04,   6.056667e+00,   3.898111e+02,   5.641311e+01,   5.768155e-03,   1.062197e+01,   1.668117e+01
  3.863639e+04,   6.080000e+00,   3.983296e+02,   5.777211e+01,   5.792507e-03,   1.074915e+01,   1.684402e+01
  3.947932e+04,   6.103333e+00,   4.069707e+02,   5.915331e+01,   5.817323e-03,   1.087688e+01,   1.700732e+01
  4.033730e+04,   6.126667e+00,   4.157360e+02,   6.055706e+01,   5.842609e-03,   1.100518e+01,   1.717108e+01
  4.121044e+04,   6.150000e+00,   4.246262e+02,   6.198351e+01,   5.868370e-03,   1.113405e+01,   1.733529e+01
  4.209901e+04,   6.173333e+00,   4.336432e+02,   6.343300e+01,   5.894612e-03,   1.126348e+01,   1.749997e+01
  4.298294e+04,   6.196667e+00,   4.428212e+02,   6.491060e+01,   5.918166e-03,   1.139391e+01,   1.766578e+01
  4.388092e+04,   6.220000e+00,   4.521318e+02,   6.641224e+01,   5.941924e-03,   1.152495e+01,   1.783213e+01
  4.479469e+04,   6.243333e+00,   4.615746e+02,   6.793793e+01,   5.966126e-03,   1.165658e+01,   1.799899e+01
  4.572450e+04,   6.266667e+00,   4.711515e+02,   6.948802e+01,   5.990778e-03,   1.178881e+01,   1.816636e+01
  4.667051e+04,   6.290000e+00,   4.808633e+02,   7.106271e+01,   6.015885e-03,   1.192163e+01,   1.833425e+01
  4.763299e+04,   6.313333e+00,   4.907122e+02,   7.266235e+01,   6.041452e-03,   1.205507e+01,   1.850267e+01
  4.859557e+04,   6.336667e+00,   5.007600e+02,   7.429622e+01,   6.064688e-03,   1.218985e+01,   1.867276e+01
  4.957281e+04,   6.360000e+00,   5.109568e+02,   7.595700e+01,   6.088001e-03,   1.232534e+01,   1.884354e+01
  5.056704e+04,   6.383333e+00,   5.212976e+02,   7.764402e+01,   6.111742e-03,   1.246146e+01,   1.901490e+01
  5.157855e+04,   6.406667e+00,   5.317845e+02,   7.935770e+01,   6.135920e-03,   1.259823e+01,   1.918684e+01
  5.260750e+04,   6.430000e+00,   5.424185e+02,   8.109822e+01,   6.160538e-03,   1.273563e+01,   1.935937e+01
  5.365420e+04,   6.453333e+00,   5.532020e+02,   8.286602e+01,   6.185603e-03,   1.287369e+01,   1.953250e+01
  5.471039e+04,   6.476667e+00,   5.642057e+02,   8.467179e+01,   6.209327e-03,   1.301321e+01,   1.970745e+01
  5.577947e+04,   6.500000e+00,   5.754068e+02,   8.651222e+01,   6.232363e-03,   1.315387e+01,   1.988376e+01
  5.686704e+04,   6.523333e+00,   5.867663e+02,   8.838157e+01,   6.255821e-03,   1.329523e+01,   2.006073e+01
  5.797342e+04,   6.546667e+00,   5.982868e+02,   9.028028e+01,   6.279706e-03,   1.343728e+01,   2.023836e+01
  5.909880e+04,   6.570000e+00,   6.099694e+02,   9.220862e+01,   6.304023e-03,   1.358003e+01,   2.041666e+01
  6.024352e+04,   6.593333e+00,   6.218168e+02,   9.416705e+01,   6.328779e-03,   1.372348e+01,   2.059564e+01
  6.140672e+04,   6.616667e+00,   6.338593e+02,   9.616026e+01,   6.353535e-03,   1.386797e+01,   2.077578e+01
  6.258385e+04,   6.640000e+00,   6.462116e+02,   9.820577e+01,   6.376478e-03,   1.401469e+01,   2.095890e+01
  6.378136e+04,   6.663333e+00,   6.587402e+02,   1.002835e+02,   6.399840e-03,   1.416216e+01,   2.114277e+01
  6.499961e+04,   6.686667e+00,   6.714482e+02,   1.023939e+02,   6.423627e-03,   1.431041e+01,   2.132740e+01
  6.623882e+04,   6.710000e+00,   6.843372e+02,   1.045374e+02,   6.447844e-03,   1.445941e+01,   2.151279e+01
  6.749938e+04,   6.733333e+00,   6.974101e+02,   1.067144e+02,   6.472500e-03,   1.460920e+01,   2.169896e+01
  6.878166e+04,   6.756667e+00,   7.106702e+02,   1.089257e+02,   6.497600e-03,   1.475979e+01,   2.188594e+01
  7.008680e+04,   6.780000e+00,   7.242593e+02,   1.111929e+02,   6.521666e-03,   1.491261e+01,   2.207587e+01
  7.141524e+04,   6.803333e+00,   7.381437e+02,   1.135113e+02,   6.545127e-03,   1.506726e+01,   2.226813e+01
  7.276686e+04,   6.826667e+00,   7.522308e+02,   1.158665e+02,   6.569019e-03,   1.522278e+01,   2.246128e+01
  7.414194e+04,   6.850000e+00,   7.665223e+02,   1.182591e+02,   6.593347e-03,   1.537915e+01,   2.265530e+01
  7.554092e+04,   6.873333e+00,   7.810220e+02,   1.206896e+02,   6.618117e-03,   1.553638e+01,   2.285023e+01
  7.696426e+04,   6.896667e+00,   7.957336e+02,   1.231588e+02,   6.643339e-03,   1.569451e+01,   2.304609e+01
  7.841223e+04,   6.920000e+00,   8.106593e+02,   1.256671e+02,   6.669018e-03,   1.585352e+01,   2.324288e+01
  7.989729e+04,   6.943333e+00,   8.261146e+02,   1.282636e+02,   6.692904e-03,   1.601646e+01,   2.344504e+01
  8.140930e+04,   6.966667e+00,   8.418187e+02,   1.309048e+02,   6.717110e-03,   1.618053e+01,   2.364847e+01
  8.294797e+04,   6.990000e+00,   8.577574e+02,   1.335888e+02,   6.741764e-03,   1.634557e+01,   2.385293e+01
  8.451382e+04,   7.013333e+00,   8.739350e+02,   1.363164e+02,   6.766874e-03,   1.651159e+01,   2.405844e+01
  8.610740e+04,   7.036667e+00,   8.903563e+02,   1.390882e+02,   6.792450e-03,   1.667862e+01,   2.426504e+01
  8.772906e+04,   7.060000e+00,   9.070238e+02,   1.419050e+02,   6.818497e-03,   1.684666e+01,   2.447272e+01
  8.938727e+04,   7.083333e+00,   9.240743e+02,   1.447881e+02,   6.844338e-03,   1.701694e+01,   2.468327e+01
  9.109362e+04,   7.106667e+00,   9.416932e+02,   1.477670e+02,   6.869076e-03,   1.719110e+01,   2.489907e+01
  9.283076e+04,   7.130000e+00,   9.595851e+02,   1.507955e+02,   6.894283e-03,   1.736637e+01,   2.511607e+01
  9.459934e+04,   7.153333e+00,   9.777557e+02,   1.538746e+02,   6.919968e-03,   1.754278e+01,   2.533432e+01
  9.640002e+04,   7.176667e+00,   9.962107e+02,   1.570053e+02,   6.946141e-03,   1.772034e+01,   2.555385e+01
  9.823326e+04,   7.200000e+00,   1.014953e+03,   1.601884e+02,   6.972809e-03,   1.789907e+01,   2.577466e+01
  1.000997e+05,   7.223333e+00,   1.033990e+03,   1.634248e+02,   6.999982e-03,   1.807898e+01,   2.599679e+01
  1.020312e+05,   7.246667e+00,   1.053738e+03,   1.667808e+02,   7.026105e-03,   1.826367e+01,   2.622537e+01
  1.040111e+05,   7.270000e+00,   1.073969e+03,   1.702208e+02,   7.052105e-03,   1.845106e+01,   2.645744e+01
  1.060279e+05,   7.293333e+00,   1.094531e+03,   1.737207e+02,   7.078616e-03,   1.863978e+01,   2.669099e+01
  1.080826e+05,   7.316667e+00,   1.115431e+03,   1.772817e+02,   7.105648e-03,   1.882985e+01,   2.692607e+01
  1.101757e+05,   7.340000e+00,   1.136672e+03,   1.809047e+02,   7.133210e-03,   1.902128e+01,   2.716269e+01
  1.123081e+05,   7.363333e+00,   1.158264e+03,   1.845911e+02,   7.161313e-03,   1.921411e+01,   2.740089e+01
  1.144633e+05,   7.386667e+00,   1.180371e+03,   1.883673e+02,   7.189470e-03,   1.940965e+01,   2.764254e+01
  1.166075e+05,   7.410000e+00,   1.203356e+03,   1.922919e+02,   7.216584e-03,   1.961081e+01,   2.789176e+01
  1.187996e+05,   7.433333e+00,   1.226740e+03,   1.962885e+02,   7.244247e-03,   1.981355e+01,   2.814282e+01
  1.210406e+05,   7.456667e+00,   1.250533e+03,   2.003587e+02,   7.272473e-03,   2.001792e+01,   2.839575e+01
  1.233316e+05,   7.480000e+00,   1.274740e+03,   2.045038e+02,   7.301270e-03,   2.022394e+01,   2.865058e+01
  1.256738e+05,   7.503333e+00,   1.299373e+03,   2.087257e+02,   7.330652e-03,   2.043163e+01,   2.890735e+01
  1.280683e+05,   7.526667e+00,   1.324441e+03,   2.130261e+02,   7.360635e-03,   2.064103e+01,   2.916611e+01
  1.304370e+05,   7.550000e+00,   1.350471e+03,   2.174900e+02,   7.389983e-03,   2.085617e+01,   2.943254e+01
  1.328027e+05,   7.573333e+00,   1.377320e+03,   2.220951e+02,   7.419116e-03,   2.107582e+01,   2.970487e+01
  1.352183e+05,   7.596667e+00,   1.404663e+03,   2.267890e+02,   7.448875e-03,   2.129737e+01,   2.997943e+01
  1.376849e+05,   7.620000e+00,   1.432508e+03,   2.315734e+02,   7.479272e-03,   2.152084e+01,   3.025624e+01
  1.402036e+05,   7.643333e+00,   1.460868e+03,   2.364505e+02,   7.510323e-03,   2.174629e+01,   3.053536e+01
  1.427760e+05,   7.666667e+00,   1.489756e+03,   2.414229e+02,   7.542044e-03,   2.197375e+01,   3.081685e+01
  1.454030e+05,   7.690000e+00,   1.519183e+03,   2.464924e+02,   7.574449e-03,   2.220326e+01,   3.110074e+01
  1.480712e+05,   7.713333e+00,   1.550104e+03,   2.518143e+02,   7.605957e-03,   2.244167e+01,   3.139663e+01
  1.507934e+05,   7.736667e+00,   1.581983e+03,   2.573023e+02,   7.637589e-03,   2.268489e+01,   3.169876e+01
  1.535769e+05,   7.760000e+00,   1.614495e+03,   2.629040e+02,   7.669943e-03,   2.293050e+01,   3.200372e+01
  1.564234e+05,   7.783333e+00,   1.647658e+03,   2.686225e+02,   7.703041e-03,   2.317855e+01,   3.231159e+01
  1.593347e+05,   7.806667e+00,   1.681492e+03,   2.744613e+02,   7.736903e-03,   2.342910e+01,   3.262244e+01
  1.623123e+05,   7.830000e+00,   1.716010e+03,   2.804230e+02,   7.771546e-03,   2.368219e+01,   3.293633e+01
  1.653581e+05,   7.853333e+00,   1.751232e+03,   2.865111e+02,   7.806993e-03,   2.393788e+01,   3.325333e+01
  1.680762e+05,   7.876667e+00,   1.785598e+03,   2.924705e+02,   7.836666e-03,   2.418555e+01,   3.355869e+01
  1.708528e+05,   7.900000e+00,   1.820684e+03,   2.985586e+02,   7.866930e-03,   2.443598e+01,   3.386741e+01
  1.737029e+05,   7.923333e+00,   1.856566e+03,   3.047887e+02,   7.898025e-03,   2.468962e+01,   3.418010e+01
  1.766294e+05,   7.946667e+00,   1.893271e+03,   3.111653e+02,   7.929979e-03,   2.494656e+01,   3.449686e+01
  1.796342e+05,   7.970000e+00,   1.930823e+03,   3.176928e+02,   7.962817e-03,   2.520686e+01,   3.481779e+01
  1.827203e+05,   7.993333e+00,   1.969251e+03,   3.243763e+02,   7.996569e-03,   2.547062e+01,   3.514301e+01
  1.858904e+05,   8.016667e+00,   2.008585e+03,   3.312211e+02,   8.031267e-03,   2.573795e+01,   3.547265e+01
  1.888529e+05,   8.040000e+00,   2.048086e+03,   3.381055e+02,   8.063702e-03,   2.600406e+01,   3.580011e+01
  1.916428e+05,   8.063333e+00,   2.087775e+03,   3.450333e+02,   8.094218e-03,   2.626912e+01,   3.612564e+01
  1.944994e+05,   8.086667e+00,   2.128268e+03,   3.521062e+02,   8.125437e-03,   2.653700e+01,   3.645456e+01
  1.974245e+05,   8.110000e+00,   2.169584e+03,   3.593276e+02,   8.157375e-03,   2.680774e+01,   3.678694e+01
  2.004199e+05,   8.133333e+00,   2.211748e+03,   3.667018e+02,   8.190053e-03,   2.708142e+01,   3.712285e+01
  2.034880e+05,   8.156667e+00,   2.254783e+03,   3.742335e+02,   8.223493e-03,   2.735812e+01,   3.746241e+01
  2.066303e+05,   8.180000e+00,   2.298711e+03,   3.819263e+02,   8.257713e-03,   2.763788e+01,   3.780567e+01
  2.098493e+05,   8.203333e+00,   2.343559e+03,   3.897852e+02,   8.292737e-03,   2.792079e+01,   3.815272e+01
  2.131478e+05,   8.226667e+00,   2.390287e+03,   3.979703e+02,   8.328160e-03,   2.821242e+01,   3.851120e+01
  2.165245e+05,   8.250000e+00,   2.440215e+03,   4.067026e+02,   8.363428e-03,   2.852026e+01,   3.889126e+01
  2.199785e+05,   8.273333e+00,   2.491238e+03,   4.156322e+02,   8.399562e-03,   2.883166e+01,   3.927562e+01
  2.235125e+05,   8.296667e+00,   2.543392e+03,   4.247657e+02,   8.436589e-03,   2.914672e+01,   3.966440e+01
  2.271285e+05,   8.320000e+00,   2.596705e+03,   4.341083e+02,   8.474533e-03,   2.946551e+01,   4.005769e+01
  2.308293e+05,   8.343333e+00,   2.651216e+03,   4.436668e+02,   8.513425e-03,   2.978814e+01,   4.045563e+01
  2.346176e+05,   8.366667e+00,   2.706964e+03,   4.534483e+02,   8.553294e-03,   3.011472e+01,   4.085835e+01
  2.384960e+05,   8.390000e+00,   2.763983e+03,   4.634590e+02,   8.594167e-03,   3.044533e+01,   4.126596e+01
  2.425797e+05,   8.413333e+00,   2.825351e+03,   4.742161e+02,   8.635723e-03,   3.079662e+01,   4.170101e+01
  2.468663e+05,   8.436667e+00,   2.890715e+03,   4.856622e+02,   8.678184e-03,   3.116608e+01,   4.215999e+01
  2.512777e+05,   8.460000e+00,   2.957838e+03,   4.974229e+02,   8.721898e-03,   3.154117e+01,   4.262593e+01
  2.558190e+05,   8.483333e+00,   3.026790e+03,   5.095106e+02,   8.766916e-03,   3.192211e+01,   4.309908e+01
  2.604953e+05,   8.506667e+00,   3.097644e+03,   5.219384e+02,   8.813289e-03,   3.230908e+01,   4.357969e+01
  2.653117e+05,   8.530000e+00,   3.170468e+03,   5.347188e+02,   8.861067e-03,   3.270226e+01,   4.406797e+01
  2.702738e+05,   8.553333e+00,   3.245345e+03,   5.478661e+02,   8.910306e-03,   3.310184e+01,   4.456418e+01
  2.753192e+05,   8.576667e+00,   3.325862e+03,   5.619876e+02,   8.959823e-03,   3.352574e+01,   4.509238e+01
  2.804930e+05,   8.600000e+00,   3.410715e+03,   5.768652e+02,   9.010316e-03,   3.396661e+01,   4.564263e+01
  2.858404e+05,   8.623333e+00,   3.498238e+03,   5.922184e+02,   9.062525e-03,   3.441565e+01,   4.620305e+01
  2.913695e+05,   8.646667e+00,   3.588554e+03,   6.080696e+02,   9.116530e-03,   3.487319e+01,   4.677407e+01
  2.970883e+05,   8.670000e+00,   3.681785e+03,   6.244403e+02,   9.172409e-03,   3.533950e+01,   4.735603e+01
  3.030060e+05,   8.693333e+00,   3.778072e+03,   6.413556e+02,   9.230251e-03,   3.581496e+01,   4.794939e+01
  3.086609e+05,   8.716667e+00,   3.872082e+03,   6.579106e+02,   9.285148e-03,   3.627425e+01,   4.852029e+01
  3.123162e+05,   8.740000e+00,   3.943561e+03,   6.706597e+02,   9.318684e-03,   3.662403e+01,   4.894403e+01
  3.160959e+05,   8.763333e+00,   4.017189e+03,   6.837932e+02,   9.353435e-03,   3.698089e+01,   4.937672e+01
  3.200061e+05,   8.786667e+00,   4.093069e+03,   6.973294e+02,   9.389459e-03,   3.734513e+01,   4.981870e+01
  3.240524e+05,   8.810000e+00,   4.171298e+03,   7.112857e+02,   9.426812e-03,   3.771699e+01,   5.027030e+01
  3.282416e+05,   8.833333e+00,   4.251990e+03,   7.256827e+02,   9.465557e-03,   3.809679e+01,   5.073191e+01
  3.325806e+05,   8.856667e+00,   4.335267e+03,   7.405420e+02,   9.505764e-03,   3.848485e+01,   5.120393e+01
  3.370766e+05,   8.880000e+00,   4.421248e+03,   7.558849e+02,   9.547498e-03,   3.888148e+01,   5.168676e+01
  3.417375e+05,   8.903333e+00,   4.510070e+03,   7.717360e+02,   9.590838e-03,   3.928705e+01,   5.218086e+01
  3.465719e+05,   8.926667e+00,   4.601881e+03,   7.881217e+02,   9.635866e-03,   3.970193e+01,   5.268670e+01
  3.511104e+05,   8.950000e+00,   4.693655e+03,   8.045244e+02,   9.677663e-03,   4.011295e+01,   5.318680e+01
  3.553896e+05,   8.973333e+00,   4.785271e+03,   8.209231e+02,   9.716626e-03,   4.051970e+01,   5.368063e+01
  3.597791e+05,   8.996667e+00,   4.879105e+03,   8.377257e+02,   9.756627e-03,   4.093228e+01,   5.418157e+01
  3.642824e+05,   9.020000e+00,   4.975227e+03,   8.549447e+02,   9.797697e-03,   4.135081e+01,   5.468978e+01
  3.689036e+05,   9.043333e+00,   5.073720e+03,   8.725955e+02,   9.839875e-03,   4.177548e+01,   5.520550e+01
  3.736472e+05,   9.066667e+00,   5.174673e+03,   8.906941e+02,   9.883202e-03,   4.220649e+01,   5.572896e+01
  3.785172e+05,   9.090000e+00,   5.278166e+03,   9.092550e+02,   9.927715e-03,   4.264399e+01,   5.626036e+01
  3.835184e+05,   9.113333e+00,   5.384294e+03,   9.282957e+02,   9.973459e-03,   4.308818e+01,   5.679995e+01
  3.886559e+05,   9.136667e+00,   5.493160e+03,   9.478348e+02,   1.002048e-02,   4.353929e+01,   5.734800e+01
  3.939343e+05,   9.160000e+00,   5.604857e+03,   9.678891e+02,   1.006882e-02,   4.399748e+01,   5.790473e+01
  3.991151e+05,   9.183333e+00,   5.726731e+03,   9.897295e+02,   1.011761e-02,   4.449111e+01,   5.850741e+01
  4.044024e+05,   9.206667e+00,   5.853887e+03,   1.012513e+03,   1.016772e-02,   4.500029e+01,   5.912979e+01
  4.098606e+05,   9.230000e+00,   5.984849e+03,   1.035987e+03,   1.021945e-02,   4.551893e+01,   5.976383e+01
  4.154973e+05,   9.253333e+00,   6.119788e+03,   1.060181e+03,   1.027286e-02,   4.604738e+01,   6.040999e+01
  4.213209e+05,   9.276667e+00,   6.258889e+03,   1.085129e+03,   1.032804e-02,   4.658603e+01,   6.106873e+01
  4.273393e+05,   9.300000e+00,   6.402327e+03,   1.110863e+03,   1.038505e-02,   4.713519e+01,   6.174047e+01
  4.335618e+05,   9.323333e+00,   6.550309e+03,   1.137421e+03,   1.044400e-02,   4.769530e+01,   6.242571e+01
  4.399982e+05,   9.346667e+00,   6.703052e+03,   1.164841e+03,   1.050496e-02,   4.826678e+01,   6.312502e+01
  4.466582e+05,   9.370000e+00,   6.860769e+03,   1.193163e+03,   1.056803e-02,   4.885003e+01,   6.383888e+01
  4.528237e+05,   9.393333e+00,   7.026845e+03,   1.222977e+03,   1.062773e-02,   4.945658e+01,   6.458232e+01
  4.591563e+05,   9.416667e+00,   7.199198e+03,   1.253923e+03,   1.068925e-02,   5.007840e+01,   6.534479e+01
  4.657321e+05,   9.440000e+00,   7.377877e+03,   1.286013e+03,   1.075321e-02,   5.071514e+01,   6.612582e+01
  4.725649e+05,   9.463333e+00,   7.563238e+03,   1.319310e+03,   1.081974e-02,   5.136750e+01,   6.692627e+01
  4.796695e+05,   9.486667e+00,   7.755664e+03,   1.353884e+03,   1.088900e-02,   5.203622e+01,   6.774707e+01
  4.870608e+05,   9.510000e+00,   7.955541e+03,   1.389805e+03,   1.096112e-02,   5.272201e+01,   6.858910e+01
  4.947558e+05,   9.533333e+00,   8.163311e+03,   1.427152e+03,   1.103628e-02,   5.342569e+01,   6.945340e+01
  5.027730e+05,   9.556667e+00,   8.379452e+03,   1.466012e+03,   1.111466e-02,   5.414817e+01,   7.034110e+01
  5.105334e+05,   9.580000e+00,   8.596707e+03,   1.505117e+03,   1.118742e-02,   5.486560e+01,   7.122120e+01
  5.181263e+05,   9.603333e+00,   8.816478e+03,   1.544713e+03,   1.125610e-02,   5.558260e+01,   7.209972e+01
  5.260206e+05,   9.626667e+00,   9.045117e+03,   1.585914e+03,   1.132781e-02,   5.631898e+01,   7.300233e+01
  5.342340e+05,   9.650000e+00,   9.283139e+03,   1.628813e+03,   1.140270e-02,   5.707561e+01,   7.393015e+01
  5.427867e+05,   9.673333e+00,   9.531137e+03,   1.673517e+03,   1.148098e-02,   5.785356e+01,   7.488450e+01
  5.517004e+05,   9.696667e+00,   9.789751e+03,   1.720144e+03,   1.156286e-02,   5.865396e+01,   7.586677e+01
